6.100000000000000000e+01
4.210000000000000000e+02
2.230000000000000000e+02
3.400000000000000000e+02
4.230000000000000000e+02
1.910000000000000000e+02
5.200000000000000000e+01
1.730000000000000000e+02
3.420000000000000000e+02
2.990000000000000000e+02
3.050000000000000000e+02
3.870000000000000000e+02
2.630000000000000000e+02
3.600000000000000000e+02
4.400000000000000000e+02
4.420000000000000000e+02
1.250000000000000000e+02
1.490000000000000000e+02
1.400000000000000000e+01
2.490000000000000000e+02
2.750000000000000000e+02
2.600000000000000000e+02
2.620000000000000000e+02
1.840000000000000000e+02
3.470000000000000000e+02
3.700000000000000000e+02
1.680000000000000000e+02
1.290000000000000000e+02
2.910000000000000000e+02
3.900000000000000000e+01
5.000000000000000000e+01
3.610000000000000000e+02
4.310000000000000000e+02
3.800000000000000000e+01
3.060000000000000000e+02
1.510000000000000000e+02
4.220000000000000000e+02
1.010000000000000000e+02
2.500000000000000000e+01
1.560000000000000000e+02
4.030000000000000000e+02
9.100000000000000000e+01
3.430000000000000000e+02
1.690000000000000000e+02
4.320000000000000000e+02
7.900000000000000000e+01
3.290000000000000000e+02
4.460000000000000000e+02
4.550000000000000000e+02
3.360000000000000000e+02
3.540000000000000000e+02
9.900000000000000000e+01
6.400000000000000000e+01
2.220000000000000000e+02
3.300000000000000000e+02
4.800000000000000000e+01
3.650000000000000000e+02
2.080000000000000000e+02
4.000000000000000000e+00
6.900000000000000000e+01
3.180000000000000000e+02
7.300000000000000000e+01
1.080000000000000000e+02
1.590000000000000000e+02
2.200000000000000000e+01
2.000000000000000000e+02
3.250000000000000000e+02
4.410000000000000000e+02
1.950000000000000000e+02
4.160000000000000000e+02
4.330000000000000000e+02
2.500000000000000000e+02
1.020000000000000000e+02
2.260000000000000000e+02
2.270000000000000000e+02
2.710000000000000000e+02
3.210000000000000000e+02
4.240000000000000000e+02
3.530000000000000000e+02
2.800000000000000000e+02
3.690000000000000000e+02
1.300000000000000000e+01
2.570000000000000000e+02
2.580000000000000000e+02
2.000000000000000000e+01
1.000000000000000000e+01
3.500000000000000000e+02
4.610000000000000000e+02
3.900000000000000000e+02
1.880000000000000000e+02
3.950000000000000000e+02
3.170000000000000000e+02
2.590000000000000000e+02
3.320000000000000000e+02
2.460000000000000000e+02
2.800000000000000000e+01
3.500000000000000000e+01
2.960000000000000000e+02
2.790000000000000000e+02
2.190000000000000000e+02
3.010000000000000000e+02
1.320000000000000000e+02
2.840000000000000000e+02
1.340000000000000000e+02
4.110000000000000000e+02
3.630000000000000000e+02
1.220000000000000000e+02
3.510000000000000000e+02
3.000000000000000000e+00
6.300000000000000000e+01
3.390000000000000000e+02
1.280000000000000000e+02
2.160000000000000000e+02
2.060000000000000000e+02
1.610000000000000000e+02
3.520000000000000000e+02
1.800000000000000000e+02
3.300000000000000000e+01
7.600000000000000000e+01
2.100000000000000000e+02
2.400000000000000000e+02
2.200000000000000000e+02
7.200000000000000000e+01
4.500000000000000000e+01
1.480000000000000000e+02
3.840000000000000000e+02
1.040000000000000000e+02
1.330000000000000000e+02
3.130000000000000000e+02
1.180000000000000000e+02
1.120000000000000000e+02
1.900000000000000000e+02
9.600000000000000000e+01
4.510000000000000000e+02
3.200000000000000000e+02
4.520000000000000000e+02
1.660000000000000000e+02
3.720000000000000000e+02
2.610000000000000000e+02
