1.021000000000000000e+03
2.539000000000000000e+03
4.606000000000000000e+03
1.114000000000000000e+03
2.600000000000000000e+02
6.614000000000000000e+03
7.890000000000000000e+03
2.583000000000000000e+03
8.373000000000000000e+03
9.312000000000000000e+03
6.106000000000000000e+03
8.813000000000000000e+03
9.161000000000000000e+03
2.338000000000000000e+03
8.538000000000000000e+03
1.201000000000000000e+03
4.400000000000000000e+01
4.131000000000000000e+03
9.471000000000000000e+03
6.847000000000000000e+03
1.290000000000000000e+03
1.122000000000000000e+03
5.645000000000000000e+03
2.332000000000000000e+03
6.581000000000000000e+03
9.648000000000000000e+03
4.993000000000000000e+03
1.555000000000000000e+03
2.724000000000000000e+03
1.442000000000000000e+03
5.764000000000000000e+03
3.772000000000000000e+03
3.180000000000000000e+03
1.040000000000000000e+02
2.508000000000000000e+03
7.537000000000000000e+03
8.762000000000000000e+03
5.929000000000000000e+03
1.008200000000000000e+04
9.550000000000000000e+03
1.660000000000000000e+03
1.617000000000000000e+03
7.184000000000000000e+03
1.228000000000000000e+03
3.370000000000000000e+02
6.960000000000000000e+03
3.384000000000000000e+03
7.651000000000000000e+03
1.772000000000000000e+03
1.007000000000000000e+04
3.844000000000000000e+03
4.485000000000000000e+03
8.540000000000000000e+03
7.072000000000000000e+03
4.094000000000000000e+03
9.553000000000000000e+03
2.650000000000000000e+02
3.141000000000000000e+03
9.002000000000000000e+03
5.472000000000000000e+03
8.463000000000000000e+03
8.775000000000000000e+03
5.496000000000000000e+03
5.048000000000000000e+03
9.502000000000000000e+03
3.860000000000000000e+02
6.490000000000000000e+03
6.401000000000000000e+03
8.861000000000000000e+03
4.015000000000000000e+03
5.168000000000000000e+03
3.016000000000000000e+03
6.747000000000000000e+03
8.403000000000000000e+03
9.010000000000000000e+02
1.480000000000000000e+03
8.568000000000000000e+03
3.239000000000000000e+03
4.983000000000000000e+03
1.496000000000000000e+03
8.993000000000000000e+03
2.127000000000000000e+03
3.578000000000000000e+03
7.659000000000000000e+03
3.742000000000000000e+03
2.440000000000000000e+03
3.224000000000000000e+03
9.847000000000000000e+03
3.009000000000000000e+03
7.845000000000000000e+03
6.043000000000000000e+03
7.244000000000000000e+03
8.711000000000000000e+03
5.755000000000000000e+03
1.210000000000000000e+03
7.387000000000000000e+03
7.190000000000000000e+02
5.947000000000000000e+03
2.422000000000000000e+03
7.635000000000000000e+03
9.285000000000000000e+03
6.149000000000000000e+03
2.031000000000000000e+03
4.198000000000000000e+03
8.774000000000000000e+03
1.279000000000000000e+03
4.462000000000000000e+03
2.802000000000000000e+03
5.202000000000000000e+03
5.400000000000000000e+02
3.260000000000000000e+03
5.266000000000000000e+03
3.000000000000000000e+01
3.779000000000000000e+03
3.447000000000000000e+03
2.424000000000000000e+03
8.433000000000000000e+03
7.983000000000000000e+03
2.301000000000000000e+03
7.731000000000000000e+03
5.871000000000000000e+03
8.736000000000000000e+03
4.134000000000000000e+03
2.410000000000000000e+02
4.702000000000000000e+03
4.488000000000000000e+03
3.446000000000000000e+03
3.865000000000000000e+03
3.521000000000000000e+03
8.007000000000000000e+03
3.496000000000000000e+03
7.490000000000000000e+02
5.587000000000000000e+03
1.194000000000000000e+03
1.803000000000000000e+03
4.102000000000000000e+03
9.760000000000000000e+03
9.784000000000000000e+03
7.088000000000000000e+03
8.057000000000000000e+03
7.986000000000000000e+03
6.378000000000000000e+03
5.287000000000000000e+03
5.710000000000000000e+03
5.275000000000000000e+03
8.780000000000000000e+02
3.876000000000000000e+03
2.881000000000000000e+03
7.437000000000000000e+03
8.270000000000000000e+03
3.461000000000000000e+03
6.351000000000000000e+03
4.335000000000000000e+03
3.632000000000000000e+03
4.410000000000000000e+03
5.742000000000000000e+03
1.430000000000000000e+02
9.250000000000000000e+02
6.463000000000000000e+03
3.729000000000000000e+03
2.978000000000000000e+03
1.133000000000000000e+03
7.319000000000000000e+03
3.084000000000000000e+03
3.124000000000000000e+03
8.258000000000000000e+03
7.307000000000000000e+03
9.616000000000000000e+03
4.444000000000000000e+03
7.689000000000000000e+03
5.042000000000000000e+03
3.408000000000000000e+03
6.734000000000000000e+03
5.630000000000000000e+02
1.632000000000000000e+03
4.678000000000000000e+03
6.850000000000000000e+03
2.241000000000000000e+03
6.693000000000000000e+03
1.528000000000000000e+03
3.627000000000000000e+03
6.430000000000000000e+02
9.596000000000000000e+03
9.173000000000000000e+03
1.728000000000000000e+03
8.064000000000000000e+03
7.930000000000000000e+02
4.720000000000000000e+03
9.980000000000000000e+02
2.560000000000000000e+03
9.098000000000000000e+03
4.543000000000000000e+03
1.665000000000000000e+03
2.636000000000000000e+03
4.954000000000000000e+03
7.905000000000000000e+03
4.208000000000000000e+03
9.314000000000000000e+03
1.461000000000000000e+03
1.944000000000000000e+03
6.756000000000000000e+03
6.264000000000000000e+03
2.902000000000000000e+03
1.007900000000000000e+04
4.647000000000000000e+03
7.487000000000000000e+03
5.930000000000000000e+02
5.280000000000000000e+03
3.593000000000000000e+03
2.200000000000000000e+02
1.004500000000000000e+04
1.357000000000000000e+03
5.373000000000000000e+03
9.982000000000000000e+03
2.864000000000000000e+03
3.580000000000000000e+02
9.071000000000000000e+03
1.372000000000000000e+03
3.782000000000000000e+03
8.239000000000000000e+03
2.811000000000000000e+03
3.010000000000000000e+03
1.001200000000000000e+04
7.444000000000000000e+03
2.016000000000000000e+03
6.836000000000000000e+03
4.789000000000000000e+03
5.957000000000000000e+03
5.512000000000000000e+03
3.464000000000000000e+03
5.810000000000000000e+02
8.810000000000000000e+02
4.736000000000000000e+03
1.018000000000000000e+03
4.427000000000000000e+03
9.741000000000000000e+03
3.013000000000000000e+03
7.620000000000000000e+02
7.080000000000000000e+03
8.730000000000000000e+02
2.746000000000000000e+03
7.756000000000000000e+03
8.410000000000000000e+03
8.803000000000000000e+03
9.720000000000000000e+02
9.705000000000000000e+03
2.399000000000000000e+03
6.239000000000000000e+03
1.566000000000000000e+03
9.976000000000000000e+03
6.438000000000000000e+03
1.312000000000000000e+03
4.972000000000000000e+03
4.260000000000000000e+02
7.360000000000000000e+02
6.344000000000000000e+03
4.760000000000000000e+03
1.820000000000000000e+03
9.607000000000000000e+03
3.659000000000000000e+03
8.318000000000000000e+03
6.432000000000000000e+03
7.695000000000000000e+03
2.300000000000000000e+03
6.671000000000000000e+03
6.200000000000000000e+01
2.885000000000000000e+03
4.561000000000000000e+03
5.840000000000000000e+03
7.381000000000000000e+03
9.491000000000000000e+03
9.796000000000000000e+03
8.195000000000000000e+03
2.417000000000000000e+03
5.585000000000000000e+03
8.573000000000000000e+03
2.047000000000000000e+03
8.461000000000000000e+03
1.734000000000000000e+03
6.311000000000000000e+03
9.021000000000000000e+03
1.780000000000000000e+02
3.965000000000000000e+03
6.199000000000000000e+03
5.235000000000000000e+03
4.005000000000000000e+03
6.598000000000000000e+03
1.796000000000000000e+03
5.850000000000000000e+02
1.749000000000000000e+03
8.429000000000000000e+03
1.166000000000000000e+03
9.350000000000000000e+03
2.113000000000000000e+03
2.622000000000000000e+03
2.132000000000000000e+03
1.131000000000000000e+03
4.173000000000000000e+03
5.784000000000000000e+03
3.512000000000000000e+03
1.400000000000000000e+02
8.009000000000000000e+03
9.625000000000000000e+03
5.452000000000000000e+03
2.730000000000000000e+02
2.616000000000000000e+03
1.143000000000000000e+03
9.786000000000000000e+03
4.496000000000000000e+03
4.511000000000000000e+03
2.556000000000000000e+03
6.637000000000000000e+03
9.944000000000000000e+03
1.820000000000000000e+02
6.978000000000000000e+03
8.430000000000000000e+02
8.620000000000000000e+02
6.878000000000000000e+03
9.727000000000000000e+03
6.126000000000000000e+03
6.108000000000000000e+03
3.123000000000000000e+03
8.660000000000000000e+03
1.540000000000000000e+02
5.185000000000000000e+03
3.829000000000000000e+03
4.403000000000000000e+03
9.947000000000000000e+03
6.551000000000000000e+03
6.387000000000000000e+03
4.360000000000000000e+03
2.061000000000000000e+03
2.258000000000000000e+03
3.854000000000000000e+03
1.558000000000000000e+03
5.147000000000000000e+03
3.500000000000000000e+02
7.392000000000000000e+03
4.478000000000000000e+03
8.025000000000000000e+03
3.709000000000000000e+03
7.186000000000000000e+03
6.597000000000000000e+03
8.191000000000000000e+03
6.479000000000000000e+03
8.650000000000000000e+02
8.932000000000000000e+03
8.276000000000000000e+03
7.675000000000000000e+03
5.130000000000000000e+02
4.786000000000000000e+03
6.539000000000000000e+03
9.975000000000000000e+03
8.754000000000000000e+03
3.114000000000000000e+03
5.428000000000000000e+03
3.780000000000000000e+03
2.069000000000000000e+03
2.999000000000000000e+03
6.440000000000000000e+02
6.287000000000000000e+03
7.481000000000000000e+03
9.427000000000000000e+03
3.529000000000000000e+03
8.640000000000000000e+03
7.873000000000000000e+03
1.856000000000000000e+03
8.834000000000000000e+03
7.260000000000000000e+02
5.234000000000000000e+03
2.874000000000000000e+03
9.540000000000000000e+02
7.033000000000000000e+03
2.115000000000000000e+03
8.089000000000000000e+03
7.210000000000000000e+02
5.998000000000000000e+03
7.821000000000000000e+03
4.352000000000000000e+03
5.290000000000000000e+03
4.640000000000000000e+02
2.700000000000000000e+02
1.850000000000000000e+02
9.424000000000000000e+03
7.185000000000000000e+03
1.689000000000000000e+03
7.950000000000000000e+02
6.227000000000000000e+03
2.495000000000000000e+03
5.010000000000000000e+02
5.084000000000000000e+03
1.500000000000000000e+03
3.034000000000000000e+03
3.346000000000000000e+03
3.570000000000000000e+03
7.847000000000000000e+03
5.690000000000000000e+03
6.064000000000000000e+03
4.920000000000000000e+03
3.337000000000000000e+03
3.569000000000000000e+03
3.490000000000000000e+03
9.271000000000000000e+03
2.166000000000000000e+03
8.413000000000000000e+03
9.396000000000000000e+03
8.759000000000000000e+03
5.257000000000000000e+03
4.381000000000000000e+03
5.430000000000000000e+02
8.758000000000000000e+03
8.958000000000000000e+03
3.153000000000000000e+03
5.971000000000000000e+03
7.915000000000000000e+03
4.225000000000000000e+03
7.816000000000000000e+03
4.460000000000000000e+03
4.492000000000000000e+03
1.487000000000000000e+03
8.411000000000000000e+03
7.051000000000000000e+03
5.900000000000000000e+02
4.722000000000000000e+03
2.453000000000000000e+03
9.948000000000000000e+03
1.393000000000000000e+03
9.797000000000000000e+03
8.227000000000000000e+03
5.891000000000000000e+03
9.788000000000000000e+03
7.629000000000000000e+03
3.986000000000000000e+03
5.445000000000000000e+03
3.991000000000000000e+03
1.180000000000000000e+03
3.999000000000000000e+03
2.017000000000000000e+03
3.851000000000000000e+03
1.259000000000000000e+03
2.389000000000000000e+03
7.773000000000000000e+03
8.380000000000000000e+02
4.539000000000000000e+03
9.996000000000000000e+03
5.309000000000000000e+03
8.340000000000000000e+03
2.524000000000000000e+03
6.276000000000000000e+03
5.958000000000000000e+03
4.056000000000000000e+03
2.184000000000000000e+03
4.060000000000000000e+02
4.249000000000000000e+03
9.860000000000000000e+02
2.063000000000000000e+03
8.084000000000000000e+03
1.002300000000000000e+04
1.002400000000000000e+04
2.288000000000000000e+03
8.636000000000000000e+03
2.050000000000000000e+03
7.467000000000000000e+03
5.156000000000000000e+03
7.134000000000000000e+03
7.548000000000000000e+03
1.430000000000000000e+03
5.618000000000000000e+03
1.676000000000000000e+03
9.968000000000000000e+03
9.761000000000000000e+03
2.589000000000000000e+03
1.896000000000000000e+03
3.289000000000000000e+03
8.328000000000000000e+03
4.566000000000000000e+03
8.648000000000000000e+03
1.526000000000000000e+03
7.800000000000000000e+03
7.747000000000000000e+03
8.590000000000000000e+02
3.700000000000000000e+02
3.622000000000000000e+03
7.720000000000000000e+02
3.804000000000000000e+03
5.026000000000000000e+03
4.476000000000000000e+03
9.602000000000000000e+03
3.392000000000000000e+03
4.648000000000000000e+03
7.117000000000000000e+03
5.256000000000000000e+03
5.271000000000000000e+03
1.059000000000000000e+03
2.380000000000000000e+03
9.075000000000000000e+03
3.860000000000000000e+03
5.904000000000000000e+03
6.079000000000000000e+03
2.846000000000000000e+03
5.437000000000000000e+03
9.458000000000000000e+03
2.130000000000000000e+02
3.396000000000000000e+03
1.297000000000000000e+03
1.653000000000000000e+03
6.746000000000000000e+03
9.342000000000000000e+03
4.196000000000000000e+03
4.332000000000000000e+03
7.440000000000000000e+03
9.611000000000000000e+03
6.973000000000000000e+03
7.162000000000000000e+03
5.359000000000000000e+03
8.583000000000000000e+03
7.295000000000000000e+03
2.837000000000000000e+03
8.164000000000000000e+03
5.395000000000000000e+03
2.120000000000000000e+02
3.000000000000000000e+00
9.676000000000000000e+03
9.623000000000000000e+03
5.242000000000000000e+03
3.903000000000000000e+03
2.971000000000000000e+03
5.308000000000000000e+03
8.414000000000000000e+03
3.640000000000000000e+03
2.369000000000000000e+03
2.266000000000000000e+03
1.007400000000000000e+04
8.229000000000000000e+03
8.770000000000000000e+02
1.920000000000000000e+03
5.856000000000000000e+03
7.164000000000000000e+03
2.303000000000000000e+03
4.380000000000000000e+03
8.383000000000000000e+03
1.551000000000000000e+03
3.367000000000000000e+03
8.505000000000000000e+03
6.788000000000000000e+03
1.254000000000000000e+03
8.030000000000000000e+02
8.556000000000000000e+03
1.654000000000000000e+03
4.724000000000000000e+03
4.184000000000000000e+03
8.966000000000000000e+03
9.995000000000000000e+03
1.008000000000000000e+04
3.549000000000000000e+03
8.707000000000000000e+03
1.425000000000000000e+03
4.934000000000000000e+03
6.036000000000000000e+03
6.168000000000000000e+03
7.804000000000000000e+03
3.611000000000000000e+03
7.550000000000000000e+02
8.817000000000000000e+03
7.483000000000000000e+03
4.382000000000000000e+03
5.838000000000000000e+03
7.100000000000000000e+01
5.505000000000000000e+03
3.806000000000000000e+03
4.915000000000000000e+03
4.827000000000000000e+03
2.126000000000000000e+03
5.489000000000000000e+03
5.581000000000000000e+03
5.908000000000000000e+03
7.260000000000000000e+03
9.614000000000000000e+03
8.708000000000000000e+03
2.975000000000000000e+03
1.338000000000000000e+03
6.610000000000000000e+03
4.646000000000000000e+03
1.711000000000000000e+03
5.629000000000000000e+03
9.019000000000000000e+03
5.368000000000000000e+03
2.315000000000000000e+03
8.407000000000000000e+03
5.709000000000000000e+03
8.557000000000000000e+03
2.550000000000000000e+02
2.829000000000000000e+03
5.637000000000000000e+03
1.580000000000000000e+02
4.089000000000000000e+03
6.209000000000000000e+03
3.863000000000000000e+03
9.094000000000000000e+03
4.409000000000000000e+03
7.925000000000000000e+03
5.480000000000000000e+03
6.213000000000000000e+03
8.094000000000000000e+03
9.661000000000000000e+03
5.264000000000000000e+03
1.616000000000000000e+03
8.223000000000000000e+03
4.865000000000000000e+03
6.840000000000000000e+02
2.670000000000000000e+02
6.972000000000000000e+03
7.465000000000000000e+03
7.564000000000000000e+03
9.556000000000000000e+03
1.783000000000000000e+03
2.077000000000000000e+03
4.514000000000000000e+03
9.456000000000000000e+03
1.200000000000000000e+02
2.656000000000000000e+03
3.652000000000000000e+03
7.805000000000000000e+03
2.660000000000000000e+02
6.157000000000000000e+03
1.961000000000000000e+03
4.965000000000000000e+03
1.152000000000000000e+03
1.478000000000000000e+03
8.990000000000000000e+02
8.700000000000000000e+01
1.608000000000000000e+03
8.000000000000000000e+03
3.486000000000000000e+03
4.847000000000000000e+03
5.670000000000000000e+03
5.886000000000000000e+03
5.694000000000000000e+03
6.885000000000000000e+03
9.974000000000000000e+03
8.666000000000000000e+03
5.769000000000000000e+03
8.003000000000000000e+03
5.292000000000000000e+03
1.400000000000000000e+03
4.439000000000000000e+03
2.728000000000000000e+03
9.850000000000000000e+02
1.730000000000000000e+02
5.317000000000000000e+03
6.644000000000000000e+03
4.969000000000000000e+03
8.787000000000000000e+03
8.784000000000000000e+03
7.967000000000000000e+03
9.385000000000000000e+03
5.538000000000000000e+03
6.650000000000000000e+02
5.783000000000000000e+03
6.470000000000000000e+02
3.937000000000000000e+03
3.381000000000000000e+03
6.833000000000000000e+03
7.506000000000000000e+03
7.505000000000000000e+03
6.160000000000000000e+03
1.867000000000000000e+03
8.589000000000000000e+03
3.592000000000000000e+03
9.956000000000000000e+03
3.430000000000000000e+03
8.338000000000000000e+03
7.647000000000000000e+03
5.113000000000000000e+03
1.998000000000000000e+03
4.229000000000000000e+03
9.771000000000000000e+03
3.690000000000000000e+03
4.602000000000000000e+03
8.442000000000000000e+03
5.855000000000000000e+03
9.683000000000000000e+03
3.605000000000000000e+03
5.823000000000000000e+03
5.371000000000000000e+03
2.511000000000000000e+03
4.390000000000000000e+03
9.218000000000000000e+03
3.056000000000000000e+03
4.614000000000000000e+03
8.438000000000000000e+03
9.677000000000000000e+03
3.399000000000000000e+03
5.552000000000000000e+03
3.907000000000000000e+03
7.796000000000000000e+03
1.317000000000000000e+03
4.846000000000000000e+03
8.641000000000000000e+03
5.418000000000000000e+03
2.940000000000000000e+03
7.177000000000000000e+03
2.462000000000000000e+03
5.614000000000000000e+03
2.738000000000000000e+03
3.612000000000000000e+03
3.017000000000000000e+03
4.879000000000000000e+03
8.922000000000000000e+03
4.537000000000000000e+03
6.770000000000000000e+03
5.370000000000000000e+02
8.344000000000000000e+03
5.982000000000000000e+03
5.879000000000000000e+03
4.368000000000000000e+03
5.049000000000000000e+03
7.510000000000000000e+03
1.737000000000000000e+03
3.538000000000000000e+03
6.322000000000000000e+03
4.375000000000000000e+03
8.226000000000000000e+03
8.544000000000000000e+03
1.955000000000000000e+03
8.852000000000000000e+03
5.892000000000000000e+03
1.280000000000000000e+03
8.800000000000000000e+02
4.690000000000000000e+02
2.025000000000000000e+03
1.768000000000000000e+03
9.252000000000000000e+03
4.124000000000000000e+03
4.325000000000000000e+03
5.815000000000000000e+03
8.740000000000000000e+02
4.361000000000000000e+03
8.651000000000000000e+03
8.259000000000000000e+03
2.100000000000000000e+02
1.758000000000000000e+03
2.257000000000000000e+03
1.397000000000000000e+03
3.968000000000000000e+03
7.934000000000000000e+03
3.154000000000000000e+03
4.830000000000000000e+03
1.647000000000000000e+03
6.242000000000000000e+03
4.701000000000000000e+03
1.881000000000000000e+03
1.198000000000000000e+03
3.692000000000000000e+03
6.049000000000000000e+03
5.659000000000000000e+03
9.620000000000000000e+03
1.232000000000000000e+03
5.810000000000000000e+03
4.699000000000000000e+03
6.250000000000000000e+02
1.040000000000000000e+03
7.795000000000000000e+03
3.171000000000000000e+03
1.006000000000000000e+03
2.307000000000000000e+03
1.513000000000000000e+03
8.097000000000000000e+03
1.088000000000000000e+03
7.911000000000000000e+03
1.651000000000000000e+03
6.448000000000000000e+03
5.860000000000000000e+02
2.760000000000000000e+03
3.594000000000000000e+03
5.542000000000000000e+03
6.781000000000000000e+03
9.121000000000000000e+03
7.324000000000000000e+03
2.300000000000000000e+02
3.758000000000000000e+03
1.646000000000000000e+03
4.828000000000000000e+03
5.685000000000000000e+03
4.896000000000000000e+03
5.285000000000000000e+03
9.208000000000000000e+03
7.551000000000000000e+03
6.386000000000000000e+03
1.953000000000000000e+03
2.961000000000000000e+03
5.800000000000000000e+01
8.326000000000000000e+03
5.920000000000000000e+03
5.007000000000000000e+03
5.555000000000000000e+03
8.051000000000000000e+03
7.888000000000000000e+03
8.454000000000000000e+03
2.552000000000000000e+03
9.984000000000000000e+03
7.119000000000000000e+03
1.342000000000000000e+03
2.960000000000000000e+03
7.191000000000000000e+03
8.839000000000000000e+03
6.599000000000000000e+03
7.120000000000000000e+02
6.005000000000000000e+03
9.470000000000000000e+02
2.718000000000000000e+03
6.578000000000000000e+03
7.370000000000000000e+03
2.170000000000000000e+02
7.760000000000000000e+02
3.807000000000000000e+03
9.657000000000000000e+03
3.522000000000000000e+03
8.703000000000000000e+03
6.738000000000000000e+03
6.956000000000000000e+03
9.005000000000000000e+03
1.387000000000000000e+03
8.662000000000000000e+03
6.853000000000000000e+03
6.299000000000000000e+03
9.184000000000000000e+03
9.759000000000000000e+03
8.315000000000000000e+03
9.541000000000000000e+03
5.620000000000000000e+02
6.672000000000000000e+03
5.459000000000000000e+03
3.460000000000000000e+03
9.133000000000000000e+03
2.893000000000000000e+03
5.175000000000000000e+03
5.465000000000000000e+03
4.743000000000000000e+03
6.333000000000000000e+03
2.913000000000000000e+03
9.364000000000000000e+03
5.030000000000000000e+02
4.277000000000000000e+03
5.338000000000000000e+03
5.931000000000000000e+03
7.514000000000000000e+03
3.950000000000000000e+02
8.496000000000000000e+03
2.998000000000000000e+03
5.893000000000000000e+03
2.986000000000000000e+03
9.062000000000000000e+03
9.010000000000000000e+03
7.617000000000000000e+03
2.010000000000000000e+02
9.813000000000000000e+03
8.800000000000000000e+01
7.602000000000000000e+03
9.143000000000000000e+03
9.852000000000000000e+03
7.970000000000000000e+02
9.765000000000000000e+03
2.596000000000000000e+03
8.330000000000000000e+03
6.360000000000000000e+03
5.491000000000000000e+03
8.714000000000000000e+03
4.600000000000000000e+01
4.706000000000000000e+03
9.074000000000000000e+03
4.303000000000000000e+03
2.558000000000000000e+03
1.572000000000000000e+03
4.240000000000000000e+02
2.610000000000000000e+03
9.912000000000000000e+03
5.148000000000000000e+03
6.891000000000000000e+03
2.336000000000000000e+03
5.034000000000000000e+03
1.940000000000000000e+02
1.570000000000000000e+02
7.077000000000000000e+03
8.930000000000000000e+02
4.000000000000000000e+02
1.709000000000000000e+03
2.458000000000000000e+03
3.081000000000000000e+03
4.221000000000000000e+03
6.809000000000000000e+03
4.378000000000000000e+03
2.277000000000000000e+03
1.823000000000000000e+03
1.375000000000000000e+03
5.345000000000000000e+03
1.700000000000000000e+01
3.523000000000000000e+03
2.840000000000000000e+03
3.192000000000000000e+03
6.021000000000000000e+03
7.032000000000000000e+03
9.004000000000000000e+03
8.670000000000000000e+02
4.734000000000000000e+03
8.989000000000000000e+03
7.923000000000000000e+03
6.843000000000000000e+03
6.579000000000000000e+03
7.335000000000000000e+03
9.269000000000000000e+03
7.654000000000000000e+03
5.390000000000000000e+03
1.919000000000000000e+03
7.406000000000000000e+03
8.440000000000000000e+03
1.002900000000000000e+04
4.576000000000000000e+03
3.850000000000000000e+03
5.535000000000000000e+03
8.971000000000000000e+03
1.003800000000000000e+04
1.216000000000000000e+03
2.221000000000000000e+03
8.822000000000000000e+03
5.525000000000000000e+03
4.562000000000000000e+03
8.320000000000000000e+02
5.189000000000000000e+03
2.612000000000000000e+03
3.476000000000000000e+03
4.391000000000000000e+03
8.678000000000000000e+03
4.655000000000000000e+03
3.540000000000000000e+03
5.820000000000000000e+02
2.618000000000000000e+03
5.210000000000000000e+03
7.344000000000000000e+03
5.596000000000000000e+03
5.771000000000000000e+03
1.755000000000000000e+03
5.296000000000000000e+03
5.450000000000000000e+03
2.407000000000000000e+03
2.771000000000000000e+03
3.892000000000000000e+03
6.085000000000000000e+03
4.217000000000000000e+03
4.459000000000000000e+03
4.076000000000000000e+03
3.845000000000000000e+03
3.441000000000000000e+03
6.961000000000000000e+03
2.852000000000000000e+03
8.165000000000000000e+03
2.762000000000000000e+03
9.037000000000000000e+03
5.169000000000000000e+03
2.218000000000000000e+03
1.725000000000000000e+03
3.990000000000000000e+02
3.553000000000000000e+03
1.927000000000000000e+03
6.516000000000000000e+03
9.039000000000000000e+03
1.943000000000000000e+03
2.536000000000000000e+03
2.500000000000000000e+02
1.490000000000000000e+02
5.329000000000000000e+03
7.402000000000000000e+03
1.939000000000000000e+03
6.500000000000000000e+02
2.956000000000000000e+03
1.310000000000000000e+03
5.376000000000000000e+03
1.534000000000000000e+03
8.216000000000000000e+03
9.877000000000000000e+03
5.933000000000000000e+03
7.056000000000000000e+03
8.468000000000000000e+03
2.576000000000000000e+03
8.078000000000000000e+03
9.200000000000000000e+03
6.831000000000000000e+03
5.679000000000000000e+03
6.035000000000000000e+03
4.267000000000000000e+03
2.502000000000000000e+03
3.641000000000000000e+03
8.956000000000000000e+03
9.767000000000000000e+03
6.559000000000000000e+03
7.765000000000000000e+03
3.752000000000000000e+03
4.901000000000000000e+03
6.900000000000000000e+01
4.057000000000000000e+03
4.544000000000000000e+03
7.842000000000000000e+03
3.158000000000000000e+03
1.506000000000000000e+03
2.898000000000000000e+03
2.548000000000000000e+03
8.260000000000000000e+02
4.200000000000000000e+01
6.376000000000000000e+03
2.557000000000000000e+03
3.730000000000000000e+02
5.319000000000000000e+03
2.086000000000000000e+03
3.420000000000000000e+03
1.437000000000000000e+03
7.171000000000000000e+03
6.540000000000000000e+02
7.304000000000000000e+03
8.022000000000000000e+03
1.164000000000000000e+03
7.587000000000000000e+03
4.796000000000000000e+03
5.872000000000000000e+03
3.811000000000000000e+03
4.011000000000000000e+03
7.984000000000000000e+03
4.470000000000000000e+02
6.645000000000000000e+03
6.497000000000000000e+03
9.063000000000000000e+03
4.351000000000000000e+03
6.776000000000000000e+03
1.307000000000000000e+03
2.193000000000000000e+03
5.456000000000000000e+03
6.991000000000000000e+03
3.960000000000000000e+03
6.848000000000000000e+03
8.452000000000000000e+03
6.657000000000000000e+03
3.926000000000000000e+03
5.340000000000000000e+03
5.901000000000000000e+03
7.170000000000000000e+03
3.360000000000000000e+02
4.449000000000000000e+03
9.627000000000000000e+03
9.014000000000000000e+03
7.879000000000000000e+03
9.958000000000000000e+03
1.381000000000000000e+03
1.158000000000000000e+03
8.163000000000000000e+03
2.635000000000000000e+03
7.837000000000000000e+03
4.719000000000000000e+03
6.490000000000000000e+02
7.190000000000000000e+03
4.033000000000000000e+03
1.903000000000000000e+03
9.484000000000000000e+03
5.623000000000000000e+03
6.000000000000000000e+02
2.920000000000000000e+03
9.527000000000000000e+03
5.977000000000000000e+03
5.712000000000000000e+03
8.345000000000000000e+03
4.060000000000000000e+03
5.092000000000000000e+03
2.084000000000000000e+03
4.948000000000000000e+03
6.803000000000000000e+03
7.649000000000000000e+03
8.494000000000000000e+03
7.287000000000000000e+03
7.126000000000000000e+03
6.219000000000000000e+03
6.197000000000000000e+03
4.425000000000000000e+03
7.524000000000000000e+03
7.243000000000000000e+03
7.700000000000000000e+03
5.410000000000000000e+03
1.001700000000000000e+04
3.870000000000000000e+02
4.778000000000000000e+03
6.473000000000000000e+03
6.018000000000000000e+03
8.870000000000000000e+02
3.022000000000000000e+03
2.164000000000000000e+03
6.799000000000000000e+03
8.983000000000000000e+03
5.543000000000000000e+03
9.000000000000000000e+03
4.100000000000000000e+02
3.463000000000000000e+03
9.689000000000000000e+03
5.055000000000000000e+03
7.176000000000000000e+03
4.419000000000000000e+03
2.002000000000000000e+03
2.895000000000000000e+03
9.500000000000000000e+02
4.931000000000000000e+03
6.624000000000000000e+03
5.706000000000000000e+03
6.330000000000000000e+02
7.131000000000000000e+03
6.281000000000000000e+03
5.436000000000000000e+03
9.150000000000000000e+02
7.691000000000000000e+03
6.346000000000000000e+03
1.825000000000000000e+03
3.810000000000000000e+03
6.444000000000000000e+03
5.200000000000000000e+01
4.638000000000000000e+03
6.408000000000000000e+03
1.570000000000000000e+03
6.469000000000000000e+03
6.955000000000000000e+03
6.335000000000000000e+03
7.327000000000000000e+03
2.217000000000000000e+03
9.257000000000000000e+03
5.983000000000000000e+03
1.824000000000000000e+03
6.790000000000000000e+03
1.585000000000000000e+03
6.503000000000000000e+03
8.534000000000000000e+03
9.800000000000000000e+01
9.522000000000000000e+03
5.000000000000000000e+03
1.093000000000000000e+03
2.481000000000000000e+03
8.212000000000000000e+03
3.910000000000000000e+03
1.754000000000000000e+03
8.491000000000000000e+03
6.300000000000000000e+02
8.037000000000000000e+03
2.952000000000000000e+03
8.924000000000000000e+03
2.438000000000000000e+03
9.504000000000000000e+03
3.737000000000000000e+03
6.202000000000000000e+03
7.086000000000000000e+03
9.026000000000000000e+03
4.643000000000000000e+03
3.033000000000000000e+03
6.223000000000000000e+03
6.316000000000000000e+03
7.798000000000000000e+03
3.395000000000000000e+03
2.896000000000000000e+03
8.964000000000000000e+03
3.128000000000000000e+03
8.595000000000000000e+03
3.993000000000000000e+03
9.374000000000000000e+03
4.152000000000000000e+03
2.936000000000000000e+03
5.413000000000000000e+03
9.633000000000000000e+03
8.748000000000000000e+03
3.828000000000000000e+03
8.100000000000000000e+01
3.413000000000000000e+03
1.923000000000000000e+03
8.352000000000000000e+03
4.946000000000000000e+03
2.320000000000000000e+03
5.617000000000000000e+03
6.911000000000000000e+03
5.353000000000000000e+03
4.524000000000000000e+03
3.306000000000000000e+03
8.073000000000000000e+03
1.005200000000000000e+04
3.199000000000000000e+03
3.559000000000000000e+03
5.549000000000000000e+03
6.805000000000000000e+03
8.644000000000000000e+03
7.201000000000000000e+03
8.668000000000000000e+03
5.288000000000000000e+03
2.114000000000000000e+03
2.904000000000000000e+03
2.330000000000000000e+02
2.565000000000000000e+03
2.234000000000000000e+03
7.100000000000000000e+03
2.892000000000000000e+03
8.474000000000000000e+03
1.426000000000000000e+03
1.209000000000000000e+03
9.557000000000000000e+03
5.429000000000000000e+03
8.106000000000000000e+03
2.290000000000000000e+03
1.252000000000000000e+03
6.641000000000000000e+03
7.116000000000000000e+03
9.573000000000000000e+03
5.858000000000000000e+03
5.790000000000000000e+03
3.697000000000000000e+03
6.556000000000000000e+03
1.638000000000000000e+03
7.161000000000000000e+03
6.233000000000000000e+03
4.016000000000000000e+03
8.858000000000000000e+03
2.567000000000000000e+03
6.660000000000000000e+02
6.330000000000000000e+03
4.032000000000000000e+03
3.795000000000000000e+03
8.498000000000000000e+03
9.882000000000000000e+03
8.999000000000000000e+03
6.155000000000000000e+03
7.918000000000000000e+03
1.966000000000000000e+03
7.347000000000000000e+03
2.757000000000000000e+03
2.431000000000000000e+03
3.887000000000000000e+03
7.214000000000000000e+03
6.986000000000000000e+03
6.730000000000000000e+03
7.323000000000000000e+03
9.091000000000000000e+03
2.337000000000000000e+03
7.774000000000000000e+03
4.658000000000000000e+03
6.844000000000000000e+03
9.355000000000000000e+03
1.181000000000000000e+03
2.944000000000000000e+03
7.337000000000000000e+03
3.418000000000000000e+03
8.497000000000000000e+03
3.916000000000000000e+03
5.085000000000000000e+03
8.039000000000000000e+03
7.776000000000000000e+03
9.428000000000000000e+03
6.116000000000000000e+03
3.824000000000000000e+03
9.773000000000000000e+03
8.647000000000000000e+03
6.459000000000000000e+03
3.297000000000000000e+03
6.171000000000000000e+03
9.577000000000000000e+03
9.380000000000000000e+02
2.446000000000000000e+03
5.515000000000000000e+03
6.685000000000000000e+03
6.696000000000000000e+03
8.870000000000000000e+03
9.928000000000000000e+03
8.262000000000000000e+03
9.403000000000000000e+03
5.158000000000000000e+03
6.711000000000000000e+03
8.760000000000000000e+03
4.182000000000000000e+03
7.810000000000000000e+02
3.405000000000000000e+03
7.834000000000000000e+03
1.003300000000000000e+04
4.668000000000000000e+03
3.356000000000000000e+03
6.221000000000000000e+03
1.860000000000000000e+02
9.622000000000000000e+03
2.822000000000000000e+03
7.179000000000000000e+03
7.928000000000000000e+03
4.215000000000000000e+03
2.074000000000000000e+03
8.859000000000000000e+03
8.125000000000000000e+03
1.055000000000000000e+03
7.599000000000000000e+03
8.899000000000000000e+03
8.313000000000000000e+03
8.942000000000000000e+03
3.344000000000000000e+03
2.107000000000000000e+03
3.607000000000000000e+03
3.548000000000000000e+03
7.152000000000000000e+03
1.690000000000000000e+03
8.390000000000000000e+03
5.715000000000000000e+03
5.286000000000000000e+03
3.550000000000000000e+02
6.493000000000000000e+03
1.978000000000000000e+03
8.126000000000000000e+03
7.436000000000000000e+03
9.870000000000000000e+02
7.941000000000000000e+03
7.913000000000000000e+03
9.436000000000000000e+03
7.766000000000000000e+03
1.600000000000000000e+02
6.380000000000000000e+03
4.394000000000000000e+03
4.377000000000000000e+03
7.965000000000000000e+03
5.190000000000000000e+03
7.779000000000000000e+03
4.657000000000000000e+03
8.562000000000000000e+03
4.030000000000000000e+03
3.753000000000000000e+03
3.691000000000000000e+03
5.940000000000000000e+02
5.414000000000000000e+03
7.577000000000000000e+03
9.334000000000000000e+03
2.191000000000000000e+03
7.380000000000000000e+02
1.546000000000000000e+03
6.265000000000000000e+03
5.083000000000000000e+03
2.279000000000000000e+03
1.538000000000000000e+03
7.423000000000000000e+03
5.985000000000000000e+03
3.313000000000000000e+03
3.670000000000000000e+03
9.293000000000000000e+03
3.436000000000000000e+03
3.767000000000000000e+03
6.491000000000000000e+03
5.157000000000000000e+03
7.232000000000000000e+03
7.674000000000000000e+03
6.976000000000000000e+03
3.749000000000000000e+03
7.770000000000000000e+02
5.314000000000000000e+03
8.138000000000000000e+03
7.143000000000000000e+03
8.198000000000000000e+03
4.357000000000000000e+03
8.139000000000000000e+03
3.294000000000000000e+03
8.201000000000000000e+03
3.722000000000000000e+03
7.492000000000000000e+03
4.628000000000000000e+03
8.272000000000000000e+03
4.623000000000000000e+03
5.828000000000000000e+03
5.730000000000000000e+02
2.745000000000000000e+03
2.456000000000000000e+03
8.004000000000000000e+03
4.995000000000000000e+03
8.777000000000000000e+03
2.810000000000000000e+02
9.729000000000000000e+03
7.921000000000000000e+03
2.530000000000000000e+02
4.762000000000000000e+03
2.455000000000000000e+03
4.236000000000000000e+03
8.448000000000000000e+03
9.262000000000000000e+03
2.830000000000000000e+03
5.462000000000000000e+03
8.225000000000000000e+03
1.006500000000000000e+04
3.933000000000000000e+03
8.067000000000000000e+03
3.541000000000000000e+03
4.707000000000000000e+03
8.906000000000000000e+03
5.474000000000000000e+03
6.658000000000000000e+03
9.639000000000000000e+03
3.883000000000000000e+03
7.792000000000000000e+03
8.246000000000000000e+03
5.951000000000000000e+03
2.832000000000000000e+03
3.206000000000000000e+03
1.580000000000000000e+03
2.490000000000000000e+02
1.020000000000000000e+02
4.469000000000000000e+03
8.962000000000000000e+03
8.968000000000000000e+03
8.145000000000000000e+03
5.290000000000000000e+02
9.468000000000000000e+03
6.742000000000000000e+03
3.038000000000000000e+03
5.058000000000000000e+03
7.497000000000000000e+03
9.740000000000000000e+03
9.340000000000000000e+02
7.898000000000000000e+03
2.423000000000000000e+03
6.918000000000000000e+03
3.525000000000000000e+03
8.235000000000000000e+03
3.276000000000000000e+03
7.091000000000000000e+03
7.084000000000000000e+03
3.007000000000000000e+03
9.016000000000000000e+03
4.504000000000000000e+03
4.292000000000000000e+03
7.940000000000000000e+02
5.687000000000000000e+03
6.282000000000000000e+03
2.125000000000000000e+03
6.688000000000000000e+03
5.875000000000000000e+03
1.127000000000000000e+03
3.389000000000000000e+03
8.280000000000000000e+02
7.374000000000000000e+03
5.369000000000000000e+03
3.077000000000000000e+03
1.798000000000000000e+03
6.400000000000000000e+01
5.349000000000000000e+03
8.350000000000000000e+03
5.767000000000000000e+03
1.968000000000000000e+03
6.723000000000000000e+03
8.527000000000000000e+03
5.020000000000000000e+02
1.078000000000000000e+03
4.546000000000000000e+03
7.274000000000000000e+03
7.580000000000000000e+02
2.927000000000000000e+03
6.867000000000000000e+03
2.082000000000000000e+03
8.731000000000000000e+03
5.839000000000000000e+03
8.446000000000000000e+03
1.497000000000000000e+03
3.438000000000000000e+03
9.804000000000000000e+03
7.236000000000000000e+03
8.680000000000000000e+03
1.415000000000000000e+03
6.533000000000000000e+03
9.575000000000000000e+03
9.369000000000000000e+03
7.373000000000000000e+03
7.140000000000000000e+03
7.484000000000000000e+03
2.735000000000000000e+03
3.340000000000000000e+03
2.679000000000000000e+03
2.344000000000000000e+03
2.649000000000000000e+03
8.739000000000000000e+03
5.473000000000000000e+03
5.420000000000000000e+03
5.117000000000000000e+03
3.790000000000000000e+02
7.841000000000000000e+03
4.564000000000000000e+03
6.118000000000000000e+03
9.151000000000000000e+03
5.108000000000000000e+03
2.740000000000000000e+02
7.458000000000000000e+03
5.831000000000000000e+03
4.140000000000000000e+02
1.067000000000000000e+03
2.341000000000000000e+03
5.228000000000000000e+03
5.331000000000000000e+03
8.610000000000000000e+02
1.046000000000000000e+03
6.678000000000000000e+03
8.751000000000000000e+03
1.549000000000000000e+03
4.037000000000000000e+03
9.410000000000000000e+03
6.071000000000000000e+03
3.705000000000000000e+03
5.758000000000000000e+03
9.988000000000000000e+03
7.937000000000000000e+03
7.581000000000000000e+03
2.824000000000000000e+03
4.050000000000000000e+02
7.522000000000000000e+03
4.804000000000000000e+03
4.653000000000000000e+03
1.556000000000000000e+03
2.841000000000000000e+03
8.627000000000000000e+03
4.430000000000000000e+02
2.642000000000000000e+03
7.320000000000000000e+03
3.763000000000000000e+03
9.906000000000000000e+03
8.159000000000000000e+03
2.187000000000000000e+03
6.042000000000000000e+03
8.027000000000000000e+03
1.622000000000000000e+03
3.600000000000000000e+02
4.483000000000000000e+03
3.787000000000000000e+03
7.906000000000000000e+03
6.532000000000000000e+03
7.500000000000000000e+03
4.473000000000000000e+03
9.222000000000000000e+03
7.822000000000000000e+03
3.557000000000000000e+03
5.216000000000000000e+03
5.409000000000000000e+03
1.648000000000000000e+03
4.806000000000000000e+03
4.265000000000000000e+03
9.565000000000000000e+03
2.689000000000000000e+03
1.703000000000000000e+03
9.104000000000000000e+03
5.190000000000000000e+02
1.002100000000000000e+04
1.800000000000000000e+01
6.370000000000000000e+03
9.594000000000000000e+03
7.978000000000000000e+03
6.909000000000000000e+03
1.576000000000000000e+03
3.645000000000000000e+03
6.269000000000000000e+03
7.642000000000000000e+03
5.519000000000000000e+03
2.532000000000000000e+03
5.979000000000000000e+03
8.547000000000000000e+03
1.929000000000000000e+03
2.499000000000000000e+03
8.397000000000000000e+03
2.672000000000000000e+03
6.607000000000000000e+03
1.700000000000000000e+02
4.551000000000000000e+03
4.930000000000000000e+02
5.081000000000000000e+03
1.098000000000000000e+03
3.305000000000000000e+03
3.293000000000000000e+03
6.993000000000000000e+03
9.832000000000000000e+03
7.783000000000000000e+03
1.003700000000000000e+04
3.497000000000000000e+03
6.374000000000000000e+03
3.681000000000000000e+03
1.032000000000000000e+03
2.220000000000000000e+02
9.640000000000000000e+03
2.346000000000000000e+03
4.438000000000000000e+03
7.606000000000000000e+03
3.902000000000000000e+03
7.778000000000000000e+03
1.004600000000000000e+04
7.060000000000000000e+03
4.458000000000000000e+03
7.583000000000000000e+03
3.590000000000000000e+02
1.618000000000000000e+03
9.897000000000000000e+03
1.276000000000000000e+03
7.737000000000000000e+03
2.930000000000000000e+02
6.238000000000000000e+03
4.733000000000000000e+03
3.136000000000000000e+03
9.732000000000000000e+03
5.792000000000000000e+03
5.119000000000000000e+03
4.112000000000000000e+03
8.713000000000000000e+03
8.664000000000000000e+03
9.954000000000000000e+03
8.639000000000000000e+03
9.665000000000000000e+03
3.166000000000000000e+03
3.509000000000000000e+03
9.907000000000000000e+03
8.501000000000000000e+03
7.507000000000000000e+03
7.732000000000000000e+03
7.351000000000000000e+03
7.927000000000000000e+03
9.660000000000000000e+02
2.835000000000000000e+03
8.177000000000000000e+03
1.130000000000000000e+03
7.810000000000000000e+03
8.056000000000000000e+03
9.671000000000000000e+03
5.610000000000000000e+03
7.286000000000000000e+03
4.858000000000000000e+03
3.613000000000000000e+03
3.059000000000000000e+03
5.842000000000000000e+03
2.695000000000000000e+03
1.976000000000000000e+03
4.480000000000000000e+03
3.096000000000000000e+03
4.768000000000000000e+03
5.612000000000000000e+03
1.002200000000000000e+04
1.170000000000000000e+02
7.706000000000000000e+03
9.845000000000000000e+03
3.631000000000000000e+03
7.523000000000000000e+03
5.324000000000000000e+03
7.300000000000000000e+02
1.050000000000000000e+02
9.568000000000000000e+03
6.769000000000000000e+03
2.175000000000000000e+03
3.539000000000000000e+03
1.190000000000000000e+03
6.780000000000000000e+02
3.761000000000000000e+03
3.163000000000000000e+03
6.451000000000000000e+03
3.052000000000000000e+03
4.177000000000000000e+03
6.807000000000000000e+03
3.160000000000000000e+02
3.183000000000000000e+03
8.390000000000000000e+02
3.340000000000000000e+02
8.353000000000000000e+03
3.326000000000000000e+03
2.628000000000000000e+03
1.948000000000000000e+03
2.820000000000000000e+03
4.625000000000000000e+03
2.334000000000000000e+03
3.284000000000000000e+03
9.450000000000000000e+03
8.460000000000000000e+03
6.737000000000000000e+03
1.185000000000000000e+03
5.130000000000000000e+03
3.689000000000000000e+03
3.928000000000000000e+03
4.234000000000000000e+03
3.591000000000000000e+03
4.210000000000000000e+02
1.264000000000000000e+03
2.720000000000000000e+03
9.017000000000000000e+03
9.900000000000000000e+03
9.550000000000000000e+02
6.181000000000000000e+03
7.871000000000000000e+03
2.691000000000000000e+03
6.151000000000000000e+03
2.959000000000000000e+03
8.878000000000000000e+03
6.753000000000000000e+03
9.046000000000000000e+03
9.900000000000000000e+02
4.160000000000000000e+03
4.710000000000000000e+02
1.374000000000000000e+03
9.303000000000000000e+03
5.221000000000000000e+03
1.000500000000000000e+04
4.286000000000000000e+03
9.545000000000000000e+03
1.136000000000000000e+03
4.058000000000000000e+03
7.123000000000000000e+03
9.532000000000000000e+03
1.335000000000000000e+03
4.517000000000000000e+03
6.270000000000000000e+02
8.660000000000000000e+02
4.355000000000000000e+03
6.943000000000000000e+03
8.366000000000000000e+03
7.563000000000000000e+03
4.054000000000000000e+03
4.573000000000000000e+03
9.723000000000000000e+03
6.680000000000000000e+02
5.554000000000000000e+03
7.614000000000000000e+03
1.600000000000000000e+03
6.819000000000000000e+03
6.182000000000000000e+03
4.342000000000000000e+03
6.070000000000000000e+03
7.831000000000000000e+03
2.681000000000000000e+03
7.694000000000000000e+03
6.540000000000000000e+03
4.928000000000000000e+03
9.035000000000000000e+03
1.005900000000000000e+04
3.918000000000000000e+03
6.190000000000000000e+02
7.988000000000000000e+03
3.088000000000000000e+03
8.890000000000000000e+02
7.085000000000000000e+03
5.178000000000000000e+03
6.309000000000000000e+03
1.987000000000000000e+03
8.723000000000000000e+03
2.144000000000000000e+03
7.422000000000000000e+03
4.263000000000000000e+03
4.910000000000000000e+03
3.121000000000000000e+03
9.441000000000000000e+03
7.346000000000000000e+03
8.846000000000000000e+03
6.312000000000000000e+03
7.457000000000000000e+03
4.329000000000000000e+03
4.595000000000000000e+03
7.154000000000000000e+03
1.213000000000000000e+03
8.028000000000000000e+03
3.803000000000000000e+03
2.779000000000000000e+03
3.400000000000000000e+01
9.001000000000000000e+03
7.940000000000000000e+03
2.180000000000000000e+02
9.734000000000000000e+03
8.881000000000000000e+03
5.318000000000000000e+03
1.660000000000000000e+02
6.211000000000000000e+03
9.943000000000000000e+03
9.898000000000000000e+03
9.576000000000000000e+03
2.154000000000000000e+03
3.809000000000000000e+03
8.657000000000000000e+03
1.891000000000000000e+03
5.786000000000000000e+03
3.189000000000000000e+03
6.940000000000000000e+03
3.743000000000000000e+03
1.305000000000000000e+03
1.720000000000000000e+03
8.655000000000000000e+03
9.335000000000000000e+03
6.916000000000000000e+03
7.106000000000000000e+03
2.570000000000000000e+03
1.182000000000000000e+03
5.511000000000000000e+03
5.880000000000000000e+03
8.072000000000000000e+03
1.441000000000000000e+03
7.376000000000000000e+03
7.043000000000000000e+03
9.656000000000000000e+03
8.690000000000000000e+03
4.626000000000000000e+03
6.210000000000000000e+02
2.658000000000000000e+03
5.703000000000000000e+03
9.570000000000000000e+02
5.672000000000000000e+03
5.988000000000000000e+03
9.846000000000000000e+03
5.278000000000000000e+03
3.558000000000000000e+03
8.994000000000000000e+03
6.771000000000000000e+03
2.894000000000000000e+03
3.221000000000000000e+03
5.731000000000000000e+03
7.365000000000000000e+03
3.358000000000000000e+03
5.506000000000000000e+03
7.509000000000000000e+03
6.829000000000000000e+03
6.461000000000000000e+03
7.650000000000000000e+02
4.918000000000000000e+03
7.279000000000000000e+03
1.003600000000000000e+04
3.757000000000000000e+03
3.432000000000000000e+03
9.941000000000000000e+03
9.696000000000000000e+03
6.525000000000000000e+03
5.016000000000000000e+03
6.347000000000000000e+03
6.701000000000000000e+03
4.205000000000000000e+03
8.770000000000000000e+03
6.967000000000000000e+03
4.500000000000000000e+01
9.875000000000000000e+03
1.983000000000000000e+03
8.514000000000000000e+03
9.076000000000000000e+03
9.921000000000000000e+03
2.514000000000000000e+03
8.308000000000000000e+03
1.460000000000000000e+03
6.328000000000000000e+03
9.473000000000000000e+03
1.947000000000000000e+03
4.310000000000000000e+03
9.196000000000000000e+03
3.048000000000000000e+03
9.942000000000000000e+03
1.081000000000000000e+03
4.635000000000000000e+03
6.510000000000000000e+03
1.004000000000000000e+04
6.495000000000000000e+03
8.592000000000000000e+03
1.268000000000000000e+03
3.777000000000000000e+03
6.140000000000000000e+02
3.969000000000000000e+03
6.953000000000000000e+03
9.840000000000000000e+02
2.605000000000000000e+03
1.115000000000000000e+03
4.107000000000000000e+03
3.910000000000000000e+02
1.950000000000000000e+03
5.910000000000000000e+03
4.807000000000000000e+03
4.192000000000000000e+03
4.971000000000000000e+03
1.219000000000000000e+03
5.110000000000000000e+03
1.587000000000000000e+03
5.394000000000000000e+03
1.785000000000000000e+03
2.981000000000000000e+03
9.264000000000000000e+03
3.923000000000000000e+03
8.363000000000000000e+03
8.841000000000000000e+03
6.998000000000000000e+03
4.575000000000000000e+03
5.019000000000000000e+03
6.963000000000000000e+03
1.328000000000000000e+03
9.844000000000000000e+03
4.190000000000000000e+02
8.170000000000000000e+02
8.871000000000000000e+03
8.114000000000000000e+03
7.553000000000000000e+03
4.560000000000000000e+03
4.072000000000000000e+03
2.480000000000000000e+02
4.486000000000000000e+03
4.211000000000000000e+03
1.141000000000000000e+03
8.757000000000000000e+03
5.847000000000000000e+03
1.892000000000000000e+03
5.812000000000000000e+03
9.770000000000000000e+02
7.562000000000000000e+03
3.731000000000000000e+03
2.535000000000000000e+03
2.239000000000000000e+03
8.914000000000000000e+03
9.145000000000000000e+03
5.853000000000000000e+03
5.527000000000000000e+03
7.354000000000000000e+03
9.646000000000000000e+03
9.693000000000000000e+03
2.287000000000000000e+03
9.506000000000000000e+03
2.013000000000000000e+03
1.942000000000000000e+03
4.285000000000000000e+03
8.849000000000000000e+03
9.350000000000000000e+02
7.241000000000000000e+03
7.233000000000000000e+03
5.741000000000000000e+03
1.236000000000000000e+03
3.191000000000000000e+03
2.949000000000000000e+03
6.612000000000000000e+03
5.599000000000000000e+03
8.891000000000000000e+03
1.751000000000000000e+03
3.673000000000000000e+03
8.290000000000000000e+03
5.643000000000000000e+03
7.378000000000000000e+03
8.334000000000000000e+03
3.401000000000000000e+03
7.723000000000000000e+03
8.451000000000000000e+03
4.479000000000000000e+03
4.227000000000000000e+03
9.363000000000000000e+03
4.123000000000000000e+03
2.980000000000000000e+02
9.582000000000000000e+03
3.435000000000000000e+03
9.621000000000000000e+03
7.305000000000000000e+03
5.562000000000000000e+03
6.903000000000000000e+03
3.195000000000000000e+03
6.630000000000000000e+02
9.791000000000000000e+03
7.624000000000000000e+03
2.974000000000000000e+03
9.763000000000000000e+03
9.834000000000000000e+03
2.834000000000000000e+03
7.997000000000000000e+03
3.940000000000000000e+03
4.992000000000000000e+03
1.366000000000000000e+03
8.601000000000000000e+03
1.288000000000000000e+03
9.873000000000000000e+03
1.620000000000000000e+03
9.061000000000000000e+03
1.113000000000000000e+03
8.304000000000000000e+03
9.398000000000000000e+03
7.396000000000000000e+03
1.742000000000000000e+03
3.796000000000000000e+03
5.835000000000000000e+03
4.772000000000000000e+03
1.054000000000000000e+03
4.308000000000000000e+03
7.034000000000000000e+03
8.764000000000000000e+03
5.975000000000000000e+03
4.961000000000000000e+03
7.942000000000000000e+03
1.876000000000000000e+03
8.900000000000000000e+01
1.057000000000000000e+03
5.245000000000000000e+03
1.436000000000000000e+03
7.788000000000000000e+03
9.703000000000000000e+03
8.230000000000000000e+03
7.234000000000000000e+03
4.534000000000000000e+03
8.904000000000000000e+03
7.407000000000000000e+03
6.825000000000000000e+03
6.390000000000000000e+03
1.890000000000000000e+02
7.990000000000000000e+02
1.470000000000000000e+03
7.528000000000000000e+03
7.530000000000000000e+03
9.512000000000000000e+03
4.721000000000000000e+03
9.365000000000000000e+03
2.295000000000000000e+03
6.405000000000000000e+03
1.670000000000000000e+02
9.935000000000000000e+03
2.137000000000000000e+03
8.075000000000000000e+03
3.217000000000000000e+03
7.863000000000000000e+03
5.027000000000000000e+03
3.214000000000000000e+03
4.967000000000000000e+03
1.030000000000000000e+03
8.800000000000000000e+03
1.594000000000000000e+03
1.656000000000000000e+03
9.434000000000000000e+03
5.837000000000000000e+03
6.543000000000000000e+03
6.573000000000000000e+03
2.537000000000000000e+03
3.108000000000000000e+03
5.265000000000000000e+03
8.409000000000000000e+03
7.521000000000000000e+03
4.659000000000000000e+03
9.700000000000000000e+03
2.029000000000000000e+03
8.540000000000000000e+02
4.491000000000000000e+03
2.740000000000000000e+03
5.700000000000000000e+02
1.930000000000000000e+03
9.962000000000000000e+03
5.114000000000000000e+03
7.136000000000000000e+03
2.391000000000000000e+03
5.078000000000000000e+03
9.149000000000000000e+03
9.902000000000000000e+03
9.837000000000000000e+03
2.600000000000000000e+01
2.646000000000000000e+03
3.650000000000000000e+03
7.742000000000000000e+03
5.198000000000000000e+03
4.250000000000000000e+03
1.300000000000000000e+01
8.310000000000000000e+03
1.390000000000000000e+03
4.436000000000000000e+03
9.406000000000000000e+03
9.854000000000000000e+03
6.929000000000000000e+03
4.079000000000000000e+03
3.879000000000000000e+03
8.362000000000000000e+03
5.211000000000000000e+03
8.005000000000000000e+03
3.789000000000000000e+03
2.826000000000000000e+03
9.679000000000000000e+03
7.620000000000000000e+03
6.300000000000000000e+01
5.310000000000000000e+03
1.536000000000000000e+03
2.631000000000000000e+03
8.874000000000000000e+03
5.417000000000000000e+03
3.634000000000000000e+03
4.644000000000000000e+03
5.347000000000000000e+03
8.530000000000000000e+03
1.154000000000000000e+03
9.190000000000000000e+03
1.520000000000000000e+03
8.792000000000000000e+03
2.204000000000000000e+03
3.182000000000000000e+03
8.896000000000000000e+03
5.615000000000000000e+03
6.997000000000000000e+03
4.046000000000000000e+03
2.097000000000000000e+03
2.510000000000000000e+02
4.519000000000000000e+03
2.861000000000000000e+03
6.450000000000000000e+02
8.927000000000000000e+03
2.159000000000000000e+03
6.880000000000000000e+03
3.555000000000000000e+03
3.400000000000000000e+03
2.786000000000000000e+03
2.088000000000000000e+03
3.906000000000000000e+03
8.685000000000000000e+03
4.557000000000000000e+03
2.425000000000000000e+03
2.411000000000000000e+03
8.555000000000000000e+03
8.360000000000000000e+02
2.559000000000000000e+03
8.127000000000000000e+03
5.636000000000000000e+03
6.890000000000000000e+03
6.290000000000000000e+03
9.294000000000000000e+03
5.688000000000000000e+03
1.916000000000000000e+03
1.930000000000000000e+02
7.028000000000000000e+03
6.228000000000000000e+03
5.464000000000000000e+03
3.579000000000000000e+03
9.599000000000000000e+03
4.171000000000000000e+03
2.436000000000000000e+03
6.243000000000000000e+03
8.335000000000000000e+03
9.507000000000000000e+03
3.252000000000000000e+03
1.839000000000000000e+03
9.909000000000000000e+03
4.230000000000000000e+03
2.442000000000000000e+03
7.874000000000000000e+03
5.567000000000000000e+03
5.075000000000000000e+03
3.856000000000000000e+03
1.000700000000000000e+04
7.588000000000000000e+03
6.267000000000000000e+03
4.397000000000000000e+03
5.934000000000000000e+03
1.732000000000000000e+03
4.820000000000000000e+02
8.700000000000000000e+03
8.486000000000000000e+03
1.006400000000000000e+04
1.022000000000000000e+03
9.116000000000000000e+03
6.482000000000000000e+03
9.217000000000000000e+03
4.590000000000000000e+02
6.437000000000000000e+03
5.794000000000000000e+03
7.240000000000000000e+03
6.923000000000000000e+03
6.314000000000000000e+03
9.708000000000000000e+03
2.030000000000000000e+03
6.371000000000000000e+03
9.248000000000000000e+03
9.802000000000000000e+03
5.410000000000000000e+02
6.078000000000000000e+03
1.005000000000000000e+03
1.278000000000000000e+03
9.781000000000000000e+03
7.410000000000000000e+02
4.420000000000000000e+03
6.681000000000000000e+03
8.070000000000000000e+02
1.456000000000000000e+03
5.647000000000000000e+03
6.137000000000000000e+03
4.837000000000000000e+03
9.422000000000000000e+03
2.742000000000000000e+03
1.889000000000000000e+03
9.940000000000000000e+02
9.246000000000000000e+03
2.488000000000000000e+03
7.894000000000000000e+03
4.872000000000000000e+03
5.956000000000000000e+03
4.727000000000000000e+03
9.256000000000000000e+03
6.112000000000000000e+03
5.993000000000000000e+03
1.818000000000000000e+03
4.683000000000000000e+03
5.830000000000000000e+03
7.187000000000000000e+03
8.059000000000000000e+03
6.205000000000000000e+03
3.881000000000000000e+03
2.370000000000000000e+03
2.555000000000000000e+03
1.571000000000000000e+03
7.592000000000000000e+03
3.662000000000000000e+03
7.973000000000000000e+03
7.545000000000000000e+03
9.979000000000000000e+03
7.299000000000000000e+03
8.202000000000000000e+03
2.966000000000000000e+03
5.118000000000000000e+03
8.420000000000000000e+03
7.876000000000000000e+03
3.051000000000000000e+03
4.252000000000000000e+03
5.167000000000000000e+03
5.110000000000000000e+02
4.957000000000000000e+03
4.893000000000000000e+03
7.469000000000000000e+03
2.780000000000000000e+02
4.742000000000000000e+03
5.013000000000000000e+03
1.977000000000000000e+03
4.322000000000000000e+03
3.581000000000000000e+03
1.623000000000000000e+03
6.667000000000000000e+03
6.416000000000000000e+03
6.651000000000000000e+03
5.449000000000000000e+03
8.864000000000000000e+03
9.560000000000000000e+02
7.180000000000000000e+02
3.520000000000000000e+03
8.469000000000000000e+03
9.430000000000000000e+02
9.368000000000000000e+03
9.320000000000000000e+03
7.412000000000000000e+03
2.246000000000000000e+03
7.113000000000000000e+03
3.624000000000000000e+03
8.432000000000000000e+03
1.004900000000000000e+04
4.501000000000000000e+03
4.024000000000000000e+03
9.644000000000000000e+03
2.625000000000000000e+03
2.390000000000000000e+03
4.600000000000000000e+02
1.561000000000000000e+03
4.061000000000000000e+03
1.455000000000000000e+03
8.410000000000000000e+02
1.932000000000000000e+03
9.768000000000000000e+03
8.268000000000000000e+03
9.971000000000000000e+03
4.346000000000000000e+03
1.893000000000000000e+03
7.781000000000000000e+03
7.348000000000000000e+03
3.719000000000000000e+03
8.008000000000000000e+03
4.064000000000000000e+03
3.026000000000000000e+03
1.347000000000000000e+03
1.007100000000000000e+04
1.940000000000000000e+03
5.918000000000000000e+03
4.490000000000000000e+02
9.446000000000000000e+03
8.473000000000000000e+03
6.676000000000000000e+03
1.424000000000000000e+03
1.356000000000000000e+03
7.225000000000000000e+03
9.232000000000000000e+03
4.596000000000000000e+03
5.382000000000000000e+03
4.334000000000000000e+03
5.460000000000000000e+02
9.292000000000000000e+03
6.704000000000000000e+03
9.992000000000000000e+03
1.672000000000000000e+03
1.527000000000000000e+03
2.432000000000000000e+03
8.109000000000000000e+03
2.220000000000000000e+03
9.480000000000000000e+03
1.635000000000000000e+03
4.875000000000000000e+03
5.540000000000000000e+03
2.553000000000000000e+03
9.684000000000000000e+03
5.747000000000000000e+03
6.343000000000000000e+03
7.639000000000000000e+03
4.660000000000000000e+02
1.368000000000000000e+03
2.150000000000000000e+03
8.900000000000000000e+02
5.215000000000000000e+03
8.367000000000000000e+03
7.192000000000000000e+03
7.302000000000000000e+03
4.720000000000000000e+02
2.243000000000000000e+03
7.445000000000000000e+03
5.536000000000000000e+03
6.787000000000000000e+03
7.450000000000000000e+03
2.767000000000000000e+03
7.395000000000000000e+03
4.012000000000000000e+03
9.685000000000000000e+03
7.516000000000000000e+03
4.629000000000000000e+03
1.126000000000000000e+03
2.734000000000000000e+03
3.028000000000000000e+03
3.746000000000000000e+03
8.079000000000000000e+03
9.235000000000000000e+03
4.903000000000000000e+03
1.490000000000000000e+03
2.543000000000000000e+03
6.147000000000000000e+03
1.700000000000000000e+03
3.904000000000000000e+03
8.523000000000000000e+03
4.050000000000000000e+03
3.303000000000000000e+03
8.214000000000000000e+03
3.111000000000000000e+03
5.366000000000000000e+03
9.482000000000000000e+03
6.615000000000000000e+03
1.878000000000000000e+03
1.028000000000000000e+03
1.503000000000000000e+03
3.992000000000000000e+03
9.034000000000000000e+03
3.390000000000000000e+03
2.827000000000000000e+03
1.752000000000000000e+03
2.608000000000000000e+03
6.083000000000000000e+03
9.230000000000000000e+02
7.608000000000000000e+03
1.058000000000000000e+03
8.453000000000000000e+03
8.445000000000000000e+03
7.692000000000000000e+03
4.155000000000000000e+03
7.317000000000000000e+03
3.270000000000000000e+02
6.259000000000000000e+03
5.273000000000000000e+03
1.414000000000000000e+03
8.066000000000000000e+03
1.008600000000000000e+04
1.407000000000000000e+03
3.370000000000000000e+03
1.362000000000000000e+03
3.572000000000000000e+03
5.984000000000000000e+03
6.935000000000000000e+03
9.460000000000000000e+02
2.717000000000000000e+03
8.006000000000000000e+03
2.188000000000000000e+03
9.176000000000000000e+03
3.802000000000000000e+03
1.695000000000000000e+03
5.300000000000000000e+01
7.246000000000000000e+03
5.960000000000000000e+03
1.517000000000000000e+03
7.574000000000000000e+03
3.478000000000000000e+03
9.805000000000000000e+03
9.505000000000000000e+03
2.430000000000000000e+02
1.941000000000000000e+03
4.179000000000000000e+03
4.350000000000000000e+02
1.224000000000000000e+03
2.280000000000000000e+03
3.929000000000000000e+03
5.841000000000000000e+03
2.180000000000000000e+03
2.433000000000000000e+03
8.889000000000000000e+03
5.065000000000000000e+03
1.239000000000000000e+03
2.889000000000000000e+03
9.028000000000000000e+03
1.267000000000000000e+03
4.455000000000000000e+03
6.800000000000000000e+02
7.610000000000000000e+03
2.299000000000000000e+03
3.776000000000000000e+03
8.698000000000000000e+03
5.580000000000000000e+03
6.208000000000000000e+03
5.483000000000000000e+03
9.619000000000000000e+03
2.053000000000000000e+03
9.452000000000000000e+03
5.953000000000000000e+03
5.572000000000000000e+03
7.474000000000000000e+03
6.547000000000000000e+03
9.370000000000000000e+03
1.352000000000000000e+03
3.027000000000000000e+03
9.905000000000000000e+03
7.060000000000000000e+02
6.846000000000000000e+03
4.958000000000000000e+03
2.854000000000000000e+03
3.848000000000000000e+03
4.874000000000000000e+03
5.330000000000000000e+03
4.220000000000000000e+03
5.773000000000000000e+03
2.261000000000000000e+03
2.770000000000000000e+03
1.693000000000000000e+03
6.934000000000000000e+03
6.057000000000000000e+03
4.020000000000000000e+03
3.715000000000000000e+03
6.849000000000000000e+03
7.666000000000000000e+03
1.579000000000000000e+03
2.708000000000000000e+03
1.829000000000000000e+03
3.725000000000000000e+03
9.357000000000000000e+03
8.750000000000000000e+03
5.680000000000000000e+03
5.402000000000000000e+03
5.164000000000000000e+03
6.029000000000000000e+03
9.204000000000000000e+03
1.636000000000000000e+03
6.733000000000000000e+03
1.001400000000000000e+04
3.338000000000000000e+03
1.110000000000000000e+03
6.584000000000000000e+03
1.957000000000000000e+03
3.769000000000000000e+03
6.327000000000000000e+03
6.763000000000000000e+03
5.294000000000000000e+03
3.582000000000000000e+03
5.700000000000000000e+01
6.987000000000000000e+03
7.576000000000000000e+03
3.233000000000000000e+03
6.363000000000000000e+03
9.319000000000000000e+03
7.276000000000000000e+03
1.775000000000000000e+03
3.976000000000000000e+03
4.353000000000000000e+03
7.768000000000000000e+03
4.960000000000000000e+03
4.553000000000000000e+03
7.900000000000000000e+02
1.008900000000000000e+04
3.175000000000000000e+03
3.319000000000000000e+03
5.004000000000000000e+03
1.105000000000000000e+03
6.511000000000000000e+03
6.069000000000000000e+03
4.882000000000000000e+03
2.291000000000000000e+03
8.580000000000000000e+02
6.773000000000000000e+03
4.312000000000000000e+03
6.796000000000000000e+03
8.996000000000000000e+03
1.251000000000000000e+03
1.784000000000000000e+03
2.100000000000000000e+03
2.087000000000000000e+03
7.556000000000000000e+03
4.580000000000000000e+02
2.090000000000000000e+02
8.157000000000000000e+03
6.808000000000000000e+03
5.388000000000000000e+03
4.372000000000000000e+03
3.554000000000000000e+03
2.043000000000000000e+03
1.007800000000000000e+04
8.919000000000000000e+03
8.848000000000000000e+03
4.612000000000000000e+03
9.870000000000000000e+03
3.515000000000000000e+03
2.379000000000000000e+03
1.000400000000000000e+04
5.510000000000000000e+02
2.195000000000000000e+03
5.591000000000000000e+03
1.474000000000000000e+03
2.657000000000000000e+03
8.952000000000000000e+03
6.761000000000000000e+03
4.690000000000000000e+03
2.376000000000000000e+03
9.280000000000000000e+02
2.146000000000000000e+03
3.858000000000000000e+03
3.794000000000000000e+03
9.389000000000000000e+03
9.600000000000000000e+03
2.866000000000000000e+03
6.834000000000000000e+03
6.982000000000000000e+03
3.610000000000000000e+03
8.821000000000000000e+03
4.318000000000000000e+03
6.721000000000000000e+03
1.519000000000000000e+03
3.251000000000000000e+03
7.870000000000000000e+03
2.788000000000000000e+03
7.665000000000000000e+03
2.052000000000000000e+03
4.611000000000000000e+03
9.033000000000000000e+03
8.642000000000000000e+03
7.850000000000000000e+02
7.360000000000000000e+03
2.868000000000000000e+03
8.991000000000000000e+03
2.276000000000000000e+03
6.417000000000000000e+03
1.120000000000000000e+03
4.180000000000000000e+03
1.416000000000000000e+03
9.044000000000000000e+03
9.807000000000000000e+03
5.470000000000000000e+03
3.564000000000000000e+03
5.272000000000000000e+03
9.578000000000000000e+03
2.138000000000000000e+03
9.920000000000000000e+02
6.254000000000000000e+03
9.964000000000000000e+03
8.013000000000000000e+03
7.958000000000000000e+03
9.829000000000000000e+03
7.851000000000000000e+03
4.424000000000000000e+03
1.946000000000000000e+03
3.005000000000000000e+03
9.117000000000000000e+03
6.830000000000000000e+03
4.998000000000000000e+03
1.857000000000000000e+03
3.588000000000000000e+03
4.805000000000000000e+03
1.993000000000000000e+03
1.309000000000000000e+03
4.340000000000000000e+02
7.224000000000000000e+03
2.934000000000000000e+03
3.164000000000000000e+03
3.678000000000000000e+03
6.089000000000000000e+03
9.525000000000000000e+03
9.050000000000000000e+02
4.083000000000000000e+03
6.668000000000000000e+03
8.431000000000000000e+03
1.167000000000000000e+03
4.481000000000000000e+03
6.266000000000000000e+03
8.740000000000000000e+03
8.998000000000000000e+03
9.726000000000000000e+03
3.410000000000000000e+02
8.194000000000000000e+03
8.798000000000000000e+03
9.498000000000000000e+03
7.155000000000000000e+03
5.650000000000000000e+03
1.026000000000000000e+03
4.093000000000000000e+03
6.619000000000000000e+03
9.890000000000000000e+03
3.162000000000000000e+03
1.710000000000000000e+03
3.020000000000000000e+03
6.001000000000000000e+03
2.310000000000000000e+03
4.811000000000000000e+03
1.550000000000000000e+02
9.688000000000000000e+03
1.514000000000000000e+03
3.909000000000000000e+03
5.250000000000000000e+03
4.400000000000000000e+02
3.644000000000000000e+03
8.618000000000000000e+03
3.100000000000000000e+01
3.075000000000000000e+03
1.722000000000000000e+03
8.980000000000000000e+03
1.341000000000000000e+03
6.814000000000000000e+03
5.372000000000000000e+03
5.127000000000000000e+03
1.794000000000000000e+03
3.668000000000000000e+03
5.107000000000000000e+03
4.430000000000000000e+03
4.274000000000000000e+03
3.246000000000000000e+03
7.763000000000000000e+03
2.645000000000000000e+03
1.958000000000000000e+03
4.085000000000000000e+03
4.411000000000000000e+03
3.535000000000000000e+03
5.883000000000000000e+03
2.987000000000000000e+03
4.341000000000000000e+03
4.917000000000000000e+03
6.413000000000000000e+03
6.336000000000000000e+03
7.079000000000000000e+03
1.485000000000000000e+03
4.645000000000000000e+03
5.458000000000000000e+03
9.457000000000000000e+03
5.609000000000000000e+03
1.450000000000000000e+02
1.581000000000000000e+03
1.358000000000000000e+03
5.649000000000000000e+03
1.767000000000000000e+03
4.900000000000000000e+03
5.748000000000000000e+03
5.350000000000000000e+02
9.537000000000000000e+03
8.233000000000000000e+03
8.761000000000000000e+03
3.032000000000000000e+03
8.753000000000000000e+03
1.406000000000000000e+03
2.445000000000000000e+03
4.713000000000000000e+03
5.590000000000000000e+02
2.763000000000000000e+03
9.997000000000000000e+03
5.903000000000000000e+03
4.042000000000000000e+03
9.437000000000000000e+03
1.606000000000000000e+03
1.448000000000000000e+03
4.224000000000000000e+03
3.890000000000000000e+02
8.277000000000000000e+03
3.606000000000000000e+03
2.037000000000000000e+03
4.522000000000000000e+03
7.202000000000000000e+03
1.096000000000000000e+03
2.406000000000000000e+03
9.020000000000000000e+02
8.295000000000000000e+03
5.270000000000000000e+03
2.715000000000000000e+03
6.795000000000000000e+03
1.830000000000000000e+03
4.395000000000000000e+03
7.561000000000000000e+03
2.844000000000000000e+03
6.654000000000000000e+03
3.967000000000000000e+03
7.011000000000000000e+03
2.010000000000000000e+03
2.174000000000000000e+03
7.976000000000000000e+03
5.652000000000000000e+03
3.390000000000000000e+02
3.882000000000000000e+03
8.034000000000000000e+03
6.273000000000000000e+03
1.910000000000000000e+02
9.500000000000000000e+03
4.415000000000000000e+03
6.163000000000000000e+03
6.804000000000000000e+03
7.939000000000000000e+03
7.291000000000000000e+03
7.434000000000000000e+03
4.330000000000000000e+02
6.107000000000000000e+03
5.803000000000000000e+03
1.192000000000000000e+03
8.156000000000000000e+03
6.000000000000000000e+00
3.677000000000000000e+03
1.100000000000000000e+01
5.807000000000000000e+03
5.631000000000000000e+03
5.752000000000000000e+03
5.481000000000000000e+03
1.686000000000000000e+03
4.203000000000000000e+03
7.132000000000000000e+03
1.145000000000000000e+03
1.843000000000000000e+03
1.070000000000000000e+02
9.379000000000000000e+03
5.361000000000000000e+03
5.277000000000000000e+03
6.234000000000000000e+03
1.008700000000000000e+04
3.922000000000000000e+03
4.145000000000000000e+03
7.345000000000000000e+03
7.690000000000000000e+02
6.180000000000000000e+03
9.153000000000000000e+03
5.523000000000000000e+03
1.290000000000000000e+02
7.569000000000000000e+03
4.062000000000000000e+03
3.586000000000000000e+03
9.756000000000000000e+03
5.498000000000000000e+03
5.508000000000000000e+03
5.463000000000000000e+03
8.693000000000000000e+03
9.373000000000000000e+03
6.977000000000000000e+03
8.302000000000000000e+03
3.479000000000000000e+03
4.912000000000000000e+03
7.740000000000000000e+02
2.890000000000000000e+02
8.680000000000000000e+02
7.252000000000000000e+03
5.734000000000000000e+03
8.752000000000000000e+03
4.785000000000000000e+03
9.674000000000000000e+03
4.783000000000000000e+03
5.727000000000000000e+03
7.835000000000000000e+03
5.179000000000000000e+03
8.742000000000000000e+03
7.504000000000000000e+03
9.567000000000000000e+03
6.140000000000000000e+03
5.080000000000000000e+02
7.959000000000000000e+03
3.115000000000000000e+03
4.823000000000000000e+03
8.510000000000000000e+02
4.982000000000000000e+03
8.242000000000000000e+03
1.525000000000000000e+03
8.675000000000000000e+03
2.435000000000000000e+03
9.137000000000000000e+03
1.006700000000000000e+04
9.378000000000000000e+03
5.942000000000000000e+03
1.921000000000000000e+03
3.513000000000000000e+03
3.205000000000000000e+03
8.586000000000000000e+03
3.988000000000000000e+03
9.413000000000000000e+03
2.343000000000000000e+03
7.421000000000000000e+03
5.569000000000000000e+03
6.563000000000000000e+03
3.030000000000000000e+02
9.930000000000000000e+02
9.000000000000000000e+00
9.307000000000000000e+03
8.690000000000000000e+02
5.753000000000000000e+03
7.853000000000000000e+03
3.702000000000000000e+03
7.089000000000000000e+03
2.764000000000000000e+03
9.321000000000000000e+03
7.815000000000000000e+03
9.531000000000000000e+03
7.371000000000000000e+03
2.429000000000000000e+03
7.261000000000000000e+03
7.318000000000000000e+03
3.649000000000000000e+03
9.220000000000000000e+02
4.128000000000000000e+03
7.150000000000000000e+02
9.287000000000000000e+03
8.815000000000000000e+03
8.274000000000000000e+03
9.542000000000000000e+03
1.104000000000000000e+03
2.004000000000000000e+03
3.403000000000000000e+03
3.345000000000000000e+03
9.853000000000000000e+03
2.030000000000000000e+02
2.024000000000000000e+03
6.527000000000000000e+03
7.058000000000000000e+03
7.755000000000000000e+03
2.581000000000000000e+03
4.897000000000000000e+03
9.861000000000000000e+03
5.229000000000000000e+03
5.642000000000000000e+03
3.215000000000000000e+03
4.400000000000000000e+03
4.818000000000000000e+03
5.386000000000000000e+03
1.473000000000000000e+03
6.760000000000000000e+02
8.521000000000000000e+03
4.163000000000000000e+03
6.682000000000000000e+03
4.170000000000000000e+02
2.562000000000000000e+03
5.102000000000000000e+03
4.370000000000000000e+03
9.210000000000000000e+02
6.692000000000000000e+03
1.147000000000000000e+03
1.518000000000000000e+03
7.951000000000000000e+03
7.797000000000000000e+03
9.489000000000000000e+03
3.063000000000000000e+03
7.020000000000000000e+02
6.391000000000000000e+03
4.306000000000000000e+03
1.633000000000000000e+03
9.530000000000000000e+03
7.943000000000000000e+03
8.850000000000000000e+02
2.784000000000000000e+03
8.561000000000000000e+03
3.998000000000000000e+03
7.399000000000000000e+03
7.198000000000000000e+03
1.723000000000000000e+03
3.142000000000000000e+03
5.374000000000000000e+03
5.938000000000000000e+03
3.220000000000000000e+02
6.428000000000000000e+03
4.214000000000000000e+03
6.971000000000000000e+03
5.021000000000000000e+03
2.000000000000000000e+00
7.824000000000000000e+03
7.047000000000000000e+03
1.698000000000000000e+03
7.405000000000000000e+03
2.003000000000000000e+03
1.970000000000000000e+03
7.993000000000000000e+03
8.565000000000000000e+03
4.730000000000000000e+03
9.210000000000000000e+03
8.923000000000000000e+03
8.725000000000000000e+03
4.101000000000000000e+03
9.330000000000000000e+02
5.124000000000000000e+03
5.219000000000000000e+03
6.104000000000000000e+03
8.489000000000000000e+03
8.480000000000000000e+03
5.339000000000000000e+03
6.358000000000000000e+03
8.888000000000000000e+03
6.633000000000000000e+03
4.508000000000000000e+03
7.840000000000000000e+02
5.129000000000000000e+03
8.724000000000000000e+03
1.704000000000000000e+03
8.236000000000000000e+03
6.542000000000000000e+03
3.900000000000000000e+01
6.567000000000000000e+03
6.924000000000000000e+03
1.443000000000000000e+03
9.241000000000000000e+03
9.604000000000000000e+03
8.883000000000000000e+03
8.358000000000000000e+03
9.182000000000000000e+03
4.364000000000000000e+03
8.659000000000000000e+03
1.445000000000000000e+03
7.660000000000000000e+03
2.698000000000000000e+03
6.460000000000000000e+02
7.067000000000000000e+03
9.078000000000000000e+03
4.631000000000000000e+03
4.298000000000000000e+03
6.510000000000000000e+02
8.532000000000000000e+03
3.585000000000000000e+03
7.120000000000000000e+03
6.162000000000000000e+03
5.925000000000000000e+03
9.110000000000000000e+03
6.752000000000000000e+03
9.800000000000000000e+02
2.836000000000000000e+03
1.091000000000000000e+03
2.190000000000000000e+03
8.459000000000000000e+03
7.753000000000000000e+03
2.312000000000000000e+03
4.399000000000000000e+03
9.747000000000000000e+03
1.683000000000000000e+03
9.758000000000000000e+03
7.699000000000000000e+03
2.872000000000000000e+03
9.681000000000000000e+03
3.165000000000000000e+03
1.984000000000000000e+03
1.380000000000000000e+02
2.710000000000000000e+02
5.990000000000000000e+02
1.577000000000000000e+03
8.161000000000000000e+03
1.661000000000000000e+03
6.295000000000000000e+03
8.346000000000000000e+03
8.385000000000000000e+03
2.311000000000000000e+03
4.321000000000000000e+03
9.326000000000000000e+03
2.452000000000000000e+03
5.526000000000000000e+03
4.782000000000000000e+03
8.095000000000000000e+03
3.041000000000000000e+03
5.188000000000000000e+03
9.438000000000000000e+03
7.322000000000000000e+03
4.195000000000000000e+03
1.529000000000000000e+03
8.129000000000000000e+03
4.386000000000000000e+03
5.945000000000000000e+03
5.000000000000000000e+00
9.195000000000000000e+03
8.490000000000000000e+02
8.029000000000000000e+03
7.424000000000000000e+03
7.503000000000000000e+03
1.386000000000000000e+03
1.553000000000000000e+03
1.233000000000000000e+03
8.908000000000000000e+03
2.520000000000000000e+03
4.984000000000000000e+03
2.900000000000000000e+03
6.123000000000000000e+03
7.751000000000000000e+03
6.610000000000000000e+02
8.779000000000000000e+03
1.411000000000000000e+03
5.121000000000000000e+03
7.739000000000000000e+03
1.750000000000000000e+02
5.269000000000000000e+03
5.811000000000000000e+03
7.368000000000000000e+03
5.135000000000000000e+03
5.243000000000000000e+03
5.994000000000000000e+03
4.698000000000000000e+03
8.973000000000000000e+03
4.293000000000000000e+03
3.457000000000000000e+03
1.244000000000000000e+03
7.902000000000000000e+03
6.871000000000000000e+03
8.948000000000000000e+03
9.820000000000000000e+02
9.519000000000000000e+03
4.001000000000000000e+03
3.310000000000000000e+03
7.001000000000000000e+03
8.263000000000000000e+03
5.425000000000000000e+03
9.192000000000000000e+03
2.899000000000000000e+03
5.151000000000000000e+03
5.900000000000000000e+03
4.776000000000000000e+03
1.001300000000000000e+04
7.908000000000000000e+03
6.504000000000000000e+03
6.841000000000000000e+03
5.937000000000000000e+03
4.077000000000000000e+03
5.313000000000000000e+03
6.369000000000000000e+03
1.900000000000000000e+03
9.169000000000000000e+03
1.421000000000000000e+03
4.477000000000000000e+03
6.298000000000000000e+03
6.148000000000000000e+03
6.411000000000000000e+03
2.910000000000000000e+02
1.006600000000000000e+04
1.336000000000000000e+03
7.479000000000000000e+03
7.456000000000000000e+03
