med_mass_1 med_mass_2 med_lum_dist p_PopIII
5.576286190829610234e+01 2.532984675537039365e+01 1.259464725536977858e+04 8.075147094726562447e-01
2.382934885660026509e+02 1.857916539115176136e+02 6.112245570218041394e+04 9.357951660156249574e-01
4.961635165703431198e+02 4.030214737327460739e+02 8.403753703091107309e+04 9.713879394531249600e-01
8.719953948817221772e+02 6.510322291294453407e+02 1.770829427306998405e+05 9.987863769531249991e-01
5.288870019592070548e+02 3.517602850786453814e+02 1.309735238499286061e+05 9.149243164062500488e-01
1.446376742650687106e+02 1.199761241147398323e+02 2.363367301236228377e+04 9.056765747070312234e-01
6.372366590493401617e+01 3.669628621904927712e+01 1.259771069922821516e+04 8.822562255859375258e-01
3.950360680287658965e+02 3.007805824845249276e+02 8.689234776186774252e+04 9.289780273437500124e-01
5.904891923378423826e+02 4.102210028054762461e+02 6.919557105523876089e+04 9.832559814453124547e-01
4.199485890989250265e+02 1.335844122160281415e+02 6.082315806389501813e+04 9.501755371093749680e-01
4.735024939649888438e+02 3.537517120649554840e+02 6.290065325882822799e+04 9.736038818359374902e-01
5.388645743735623910e+02 4.540568571454415405e+02 9.386212395990127698e+04 9.835073242187499787e-01
7.289959862506121908e+02 5.120720532406062375e+02 1.024409588273296540e+05 9.953488769531250169e-01
2.826678168427160927e+02 2.348751687370542527e+02 5.339055051108066255e+04 9.530626831054687109e-01
2.604672258582385780e+02 1.520841752510559104e+02 6.960564215721210348e+04 8.350066528320312376e-01
3.479024474369550148e+02 3.023995125594639148e+02 7.567942377503777971e+04 9.018226928710937340e-01
1.495328922465549795e+02 1.255537696055780259e+02 1.481030921661227330e+04 9.828654785156250018e-01
1.211268324000649557e+02 7.752585316830371198e+01 2.127311246858352388e+04 8.892712402343749822e-01
6.451821055681051575e+01 3.450246168164929372e+01 5.965507784952762449e+03 8.587043457031250382e-01
3.144845141650242795e+02 2.498916389236812279e+02 9.804888326613517711e+04 9.281173095703124654e-01
2.241485749766813456e+02 2.064716932090575483e+02 4.117175666292757523e+04 9.464763183593749574e-01
1.253935884994453005e+02 1.040727724706107722e+02 3.411985804837774776e+04 6.317486572265624822e-01
2.136345389456645876e+02 1.201515210565438281e+02 3.026224049832936362e+04 9.762394409179687704e-01
1.392771180568782370e+02 1.241479087427437094e+02 2.363510340417947737e+04 8.837215576171875142e-01
2.671453679771545353e+02 2.355409462514616621e+02 4.783474066314499942e+04 9.418218994140624689e-01
2.432729400156231350e+02 2.186326686776963015e+02 4.893159990274808661e+04 9.145989379882812909e-01
1.215032235010165778e+02 7.084575003774274649e+01 2.209706985530776001e+04 9.150673217773437340e-01
1.122597954909731754e+02 9.627210748966876963e+01 2.228332973754759951e+04 7.846654663085937953e-01
2.480928540650151604e+02 1.471506347537748809e+02 4.019891420674996334e+04 9.652510375976562917e-01
5.951702455042695306e+01 4.290673766572916037e+01 7.349871052791698276e+03 8.206400146484374991e-01
6.875747778143400524e+01 3.073234224562611416e+01 1.201397570555314996e+04 9.384167480468750266e-01
5.229299606045685778e+02 4.459448602643213349e+02 3.331487202828767477e+04 9.816853027343750426e-01
2.922065419690467252e+02 1.568974953988585526e+02 6.513154216286675364e+04 9.009335327148437766e-01
1.829058517109840523e+02 1.516068300992511695e+02 6.582494592027123144e+04 6.539447631835937358e-01
2.619088333428828719e+02 1.507466773361895207e+02 3.027337108822153095e+04 9.752093505859374956e-01
1.242177488224862003e+02 6.590562720154402143e+01 2.768990722811265005e+04 9.012023925781249556e-01
1.642857880547101104e+02 1.295539390826284034e+02 4.932421175640455476e+04 8.264461059570312740e-01
1.510360663422949585e+02 1.365409112060006578e+02 1.658371039966783792e+04 9.805652465820312580e-01
1.904814841795987945e+02 1.132531439548683920e+02 7.231323802539157623e+04 5.810493774414062784e-01
1.211546637729796601e+02 3.384033747925586511e+01 2.715789011819410007e+04 8.847857666015624956e-01
2.729277927843006637e+02 1.004758957140198135e+02 6.582995962698302174e+04 6.649976196289062447e-01
6.782867503639017741e+02 5.343926565724343618e+02 1.231903041798275226e+05 9.944592285156249600e-01
2.339990092493029579e+02 1.578938920314863594e+02 5.183802999775269564e+04 9.174243774414062580e-01
1.824002812823625277e+02 1.600100974679127717e+02 2.353096006537348512e+04 9.546990966796875533e-01
4.128040967173931222e+02 2.449229678728596298e+02 5.972811364942962246e+04 9.744359130859374662e-01
9.812396050849312701e+01 7.798676728530026026e+01 1.380187634931122193e+04 9.435642700195312482e-01
1.567266865568411163e+02 7.676047720265574981e+01 5.424902578577796521e+04 8.390120239257812251e-01
3.521650131810461062e+02 2.907302099565984008e+02 5.227154946560620738e+04 9.616894531249999822e-01
3.649882828012615619e+02 3.151158791711745835e+02 7.126991019713543938e+04 9.425319824218749698e-01
2.615008026623090700e+02 2.385659587673023339e+02 4.424643583771379781e+04 9.544202880859374849e-01
2.624162993615879031e+02 2.091923073544243721e+02 6.318791659517260268e+04 9.291481933593750409e-01
1.007490368280849111e+02 8.597281343331519565e+01 1.565389964430214059e+04 8.967415771484374964e-01
8.274741327474607999e+01 2.019194360942955768e+01 1.330531072837713509e+04 9.388750610351562775e-01
2.868556710135742378e+02 2.045229627157785330e+02 5.907322849800588301e+04 9.401389160156250480e-01
2.708913115711316095e+02 2.236683537454658222e+02 5.086498568179826543e+04 9.575625610351562456e-01
1.109735743196628732e+02 8.570731416655921464e+01 1.063983765351620423e+04 9.631459350585938051e-01
1.035906552825503240e+03 8.411184955615950685e+02 1.082681661773400119e+05 9.987178955078125364e-01
1.865672479800062433e+02 1.336470598341587106e+02 3.375738672669912921e+04 9.653350219726563042e-01
6.440125822586965398e+01 2.668972231515085625e+01 3.370686030459114590e+03 8.860836181640624476e-01
8.293743325341984018e+01 2.621266043165311999e+01 1.416058662282918340e+04 8.421463623046875346e-01
1.830378138765598806e+02 1.149105513857063556e+02 3.715572519675255171e+04 9.557166748046874716e-01
6.522215847648885756e+02 4.594093401090748330e+02 1.053862002529781457e+05 9.832725219726562438e-01
5.757129369009035145e+02 4.350170025248767161e+02 1.298705803083682113e+05 9.814729003906249583e-01
3.651320276479461882e+02 2.769000096924297623e+02 8.990654115545726381e+04 9.135771484375000417e-01
4.778904335837324879e+01 2.541519866456789245e+01 8.355210392237873748e+03 8.535001220703124503e-01
7.253519899932900898e+02 6.176998090285337639e+02 1.299491998837870051e+05 9.987070312500000435e-01
4.608403646260220512e+02 4.102204229312525285e+02 8.196143435595437768e+04 9.744395751953125462e-01
2.976819111328198915e+02 1.834440674836335461e+02 8.136663532002248394e+04 8.953944091796874893e-01
1.366098856375656396e+02 7.178531913507484319e+01 2.566441043794704819e+04 8.219814453124999476e-01
5.109923399983221088e+02 3.040220253590363200e+02 1.134593062192187499e+05 8.900959472656250204e-01
6.609358912291522756e+02 5.629392359714964869e+02 1.041524987644297071e+05 9.981818847656249716e-01
1.491896936312738831e+02 5.281773533107631380e+01 3.269873664110102982e+04 8.212441406249999520e-01
7.666077221627278959e+01 2.424330879794901961e+01 8.229933666912642366e+03 8.836399536132812926e-01
1.894452154432116799e+02 1.459690988896897466e+02 3.431989229107165011e+04 9.555852050781250551e-01
1.621706533331726519e+02 1.479043437527940625e+02 2.997867230034981185e+04 8.686146240234374760e-01
4.083281552682414031e+02 3.572689923986466738e+02 1.167728219497396640e+05 9.179175415039062536e-01
1.472410433859924979e+02 8.974706852226967158e+01 4.325105923177187651e+04 8.071523437500000009e-01
3.053603215501674413e+02 2.277270228304305704e+02 5.942972564870675706e+04 9.566589355468749778e-01
5.772978676212351274e+02 4.925558727017663614e+02 9.344853191278877784e+04 9.952419433593749920e-01
8.681274528784831546e+02 5.153495952679654692e+02 1.945117457025518524e+05 9.933703002929687997e-01
4.138381844134498806e+02 3.126180283191981175e+02 8.622566343134065391e+04 9.381535644531250329e-01
3.075836119058560598e+02 2.254403479428473815e+02 6.384669910363145755e+04 9.463275146484374512e-01
1.982471874741939928e+02 1.661166662023335050e+02 4.099316368879245420e+04 9.158660888671874556e-01
3.761437704023603033e+02 3.314742948304639185e+02 5.657531535386911128e+04 9.677864990234374964e-01
8.338671394774335965e+01 6.686260003577390876e+01 6.051349287790819290e+03 9.570332031249999538e-01
6.091656449825961062e+01 5.595999088337977412e+01 4.117188669210783701e+03 6.487223510742187171e-01
2.295290458964385607e+02 1.714392422259309114e+02 4.432898326433265902e+04 9.495729980468750053e-01
2.803047781193190531e+02 2.128435739093026200e+02 2.301259264349868681e+04 9.702578124999999831e-01
2.263267637856692431e+02 2.120655957231718958e+02 5.978919971399268252e+04 8.297980957031250160e-01
2.326355535716424185e+02 1.455838831098799915e+02 3.881059549839803367e+04 9.235350952148437820e-01
3.030111577317210276e+02 1.866336864446848836e+02 6.207585881783728109e+04 9.647058105468749867e-01
6.287139145519524419e+01 3.777230424915085649e+01 3.001262015766868717e+04 1.248862075805663996e-01
3.081280316854138164e+02 2.366051841128812043e+02 9.969523582464524952e+04 9.272659301757812944e-01
1.289555228231198214e+02 1.047808861542890213e+02 4.106438855833762500e+04 6.733638916015625142e-01
7.551758488402678040e+02 5.154880769174342277e+02 1.175945411593055760e+05 9.898442993164062731e-01
3.183038157930400303e+02 2.898282011306222898e+02 6.014503759973720298e+04 9.458115234374999680e-01
6.058882902268004500e+01 3.382362197662328640e+01 9.663064041267381981e+03 8.797166748046875151e-01
8.607194474357693252e+02 6.831009797984994520e+02 3.841794984017935349e+04 9.986026611328124858e-01
1.906882315245777022e+02 1.674718401742918559e+02 3.443216412639868213e+04 8.741524658203124742e-01
1.302812641403479006e+02 1.077254234500369137e+02 2.972992494368707776e+04 8.236982421874999849e-01
2.427328067326171777e+02 1.299637296056176297e+02 4.641357794711129827e+04 9.278958129882812766e-01
4.712521357219985703e+02 3.474865054910090407e+02 1.115836882044690428e+05 9.429315185546874867e-01
1.488967930443218961e+02 1.010321369822923145e+02 2.604785405274069126e+04 9.114656372070312207e-01
1.184555644582403318e+02 4.738849669092900285e+01 2.072851559622339119e+04 8.945302734375000231e-01
2.308025563995213076e+02 1.792369912346820229e+02 7.970801067066956603e+04 7.837960205078124964e-01
2.061025264347830444e+02 1.018695832775615884e+02 4.654989518008152663e+04 8.047954101562500018e-01
6.498659475995583534e+01 2.998130605672477600e+01 2.120177292222567485e+04 8.875106811523437722e-01
5.786604317797321073e+02 4.531029214826337466e+02 1.159819933956055320e+05 9.891746826171875506e-01
6.142276430674710497e+01 3.475633627346947918e+01 3.146635802495090957e+03 8.488489379882812047e-01
6.264413527367703693e+01 4.687276678706301425e+01 1.138380930061511754e+04 8.531307373046874698e-01
4.149318884392300788e+02 3.041178290411154990e+02 7.666694012017571367e+04 9.543786621093750533e-01
6.538312880942293077e+02 5.124412911527415417e+02 1.520329084835524263e+05 9.870014648437499538e-01
2.426899704252627146e+02 1.575989173210019771e+02 4.743492890874015575e+04 9.242762451171875338e-01
4.140388033545387998e+02 3.537571253004674645e+02 8.249436106260214001e+04 9.600382080078124769e-01
1.391004690471227718e+02 1.191421503281129759e+02 2.313151817799593482e+04 9.144213256835937997e-01
2.689020541209343946e+02 2.369087707306742629e+02 4.703771064363658661e+04 9.523918457031249618e-01
3.006953216671287237e+02 2.049179118032282076e+02 7.053722813019911700e+04 9.374354248046874449e-01
9.274481901596136879e+01 8.287688181278379318e+01 9.335136586195854761e+03 8.996737060546875497e-01
3.153671457886802045e+02 2.539046686240170061e+02 5.760972376984266884e+04 9.507798461914062083e-01
2.839047031338137685e+02 2.195803152643387079e+02 8.998490747074357932e+04 9.300548095703125018e-01
8.194325902889205508e+02 6.760672831682240940e+02 1.287462301102485508e+05 9.987042846679687891e-01
1.347260155283654512e+02 1.072996618455185569e+02 3.064416668354425929e+04 8.230704345703124813e-01
8.476540719258284184e+01 7.701915988705444249e+01 1.392093537027150523e+04 7.532416992187499494e-01
4.743508794743341923e+02 3.074154655916374281e+02 5.848604564298618789e+04 9.727376098632812829e-01
1.539775839867221237e+02 9.186418719245639863e+01 3.065582970588492390e+04 8.283873291015625417e-01
2.547337655229726181e+02 9.310800881502029824e+01 5.838668989318522654e+04 9.385018310546875409e-01
1.374573508474677794e+02 2.931822194387744318e+01 1.868094743336291867e+04 8.543688354492187109e-01
1.003594278108014635e+02 2.679716148252227015e+01 2.529089810143210343e+04 5.692258911132812571e-01
2.694108436789998677e+02 8.563241232119800372e+01 4.342230812228360446e+04 9.742321777343749822e-01
1.515123022112668423e+02 1.236530885413615124e+02 1.916086333716840454e+04 9.748601684570312731e-01
6.102944255656612995e+02 4.217194453416258284e+02 1.539761588284376194e+05 9.712356567382812722e-01
1.784646054017538006e+02 6.667413413370675812e+01 2.674852049025271845e+04 9.246860351562500302e-01
4.463396802385167348e+02 1.217537001822034881e+02 7.713344710917620978e+04 9.684335937500000435e-01
3.410391886579559468e+02 1.906587426604392306e+02 5.042470079741530935e+04 9.556473388671874458e-01
4.473807815578643954e+02 2.502818117456549771e+02 1.019208391631903360e+05 9.134794921875000195e-01
3.754684597365687750e+02 2.813378269486908039e+02 6.870823995044062031e+04 9.559558715820312136e-01
1.528084851273195852e+02 1.094687782697893823e+02 2.601103248300348787e+04 9.322273559570312118e-01
5.139365841827636814e+02 3.645894431255424024e+02 1.280678572665829561e+05 9.224973144531249947e-01
1.547220876606270963e+02 7.238739390046966093e+01 2.265674397494801451e+04 8.426752929687499893e-01
